1024 1984
33 2
34 3 1
35 4 2
36 5 3
37 6 4
38 7 5
39 8 6
40 9 7
41 10 8
42 11 9
43 12 10
44 13 11
45 14 12
46 15 13
47 16 14
48 17 15
49 18 16
50 19 17
51 20 18
52 21 19
53 22 20
54 23 21
55 24 22
56 25 23
57 26 24
58 27 25
59 28 26
60 29 27
61 30 28
62 31 29
63 32 30
64 31
65 34 1
66 35 2 33
67 36 3 34
68 37 4 35
69 38 5 36
70 39 6 37
71 40 7 38
72 41 8 39
73 42 9 40
74 43 10 41
75 44 11 42
76 45 12 43
77 46 13 44
78 47 14 45
79 48 15 46
80 49 16 47
81 50 17 48
82 51 18 49
83 52 19 50
84 53 20 51
85 54 21 52
86 55 22 53
87 56 23 54
88 57 24 55
89 58 25 56
90 59 26 57
91 60 27 58
92 61 28 59
93 62 29 60
94 63 30 61
95 64 31 62
96 32 63
97 66 33
98 67 34 65
99 68 35 66
100 69 36 67
101 70 37 68
102 71 38 69
103 72 39 70
104 73 40 71
105 74 41 72
106 75 42 73
107 76 43 74
108 77 44 75
109 78 45 76
110 79 46 77
111 80 47 78
112 81 48 79
113 82 49 80
114 83 50 81
115 84 51 82
116 85 52 83
117 86 53 84
118 87 54 85
119 88 55 86
120 89 56 87
121 90 57 88
122 91 58 89
123 92 59 90
124 93 60 91
125 94 61 92
126 95 62 93
127 96 63 94
128 64 95
129 98 65
130 99 66 97
131 100 67 98
132 101 68 99
133 102 69 100
134 103 70 101
135 104 71 102
136 105 72 103
137 106 73 104
138 107 74 105
139 108 75 106
140 109 76 107
141 110 77 108
142 111 78 109
143 112 79 110
144 113 80 111
145 114 81 112
146 115 82 113
147 116 83 114
148 117 84 115
149 118 85 116
150 119 86 117
151 120 87 118
152 121 88 119
153 122 89 120
154 123 90 121
155 124 91 122
156 125 92 123
157 126 93 124
158 127 94 125
159 128 95 126
160 96 127
161 130 97
162 131 98 129
163 132 99 130
164 133 100 131
165 134 101 132
166 135 102 133
167 136 103 134
168 137 104 135
169 138 105 136
170 139 106 137
171 140 107 138
172 141 108 139
173 142 109 140
174 143 110 141
175 144 111 142
176 145 112 143
177 146 113 144
178 147 114 145
179 148 115 146
180 149 116 147
181 150 117 148
182 151 118 149
183 152 119 150
184 153 120 151
185 154 121 152
186 155 122 153
187 156 123 154
188 157 124 155
189 158 125 156
190 159 126 157
191 160 127 158
192 128 159
193 162 129
194 163 130 161
195 164 131 162
196 165 132 163
197 166 133 164
198 167 134 165
199 168 135 166
200 169 136 167
201 170 137 168
202 171 138 169
203 172 139 170
204 173 140 171
205 174 141 172
206 175 142 173
207 176 143 174
208 177 144 175
209 178 145 176
210 179 146 177
211 180 147 178
212 181 148 179
213 182 149 180
214 183 150 181
215 184 151 182
216 185 152 183
217 186 153 184
218 187 154 185
219 188 155 186
220 189 156 187
221 190 157 188
222 191 158 189
223 192 159 190
224 160 191
225 194 161
226 195 162 193
227 196 163 194
228 197 164 195
229 198 165 196
230 199 166 197
231 200 167 198
232 201 168 199
233 202 169 200
234 203 170 201
235 204 171 202
236 205 172 203
237 206 173 204
238 207 174 205
239 208 175 206
240 209 176 207
241 210 177 208
242 211 178 209
243 212 179 210
244 213 180 211
245 214 181 212
246 215 182 213
247 216 183 214
248 217 184 215
249 218 185 216
250 219 186 217
251 220 187 218
252 221 188 219
253 222 189 220
254 223 190 221
255 224 191 222
256 192 223
257 226 193
258 227 194 225
259 228 195 226
260 229 196 227
261 230 197 228
262 231 198 229
263 232 199 230
264 233 200 231
265 234 201 232
266 235 202 233
267 236 203 234
268 237 204 235
269 238 205 236
270 239 206 237
271 240 207 238
272 241 208 239
273 242 209 240
274 243 210 241
275 244 211 242
276 245 212 243
277 246 213 244
278 247 214 245
279 248 215 246
280 249 216 247
281 250 217 248
282 251 218 249
283 252 219 250
284 253 220 251
285 254 221 252
286 255 222 253
287 256 223 254
288 224 255
289 258 225
290 259 226 257
291 260 227 258
292 261 228 259
293 262 229 260
294 263 230 261
295 264 231 262
296 265 232 263
297 266 233 264
298 267 234 265
299 268 235 266
300 269 236 267
301 270 237 268
302 271 238 269
303 272 239 270
304 273 240 271
305 274 241 272
306 275 242 273
307 276 243 274
308 277 244 275
309 278 245 276
310 279 246 277
311 280 247 278
312 281 248 279
313 282 249 280
314 283 250 281
315 284 251 282
316 285 252 283
317 286 253 284
318 287 254 285
319 288 255 286
320 256 287
321 290 257
322 291 258 289
323 292 259 290
324 293 260 291
325 294 261 292
326 295 262 293
327 296 263 294
328 297 264 295
329 298 265 296
330 299 266 297
331 300 267 298
332 301 268 299
333 302 269 300
334 303 270 301
335 304 271 302
336 305 272 303
337 306 273 304
338 307 274 305
339 308 275 306
340 309 276 307
341 310 277 308
342 311 278 309
343 312 279 310
344 313 280 311
345 314 281 312
346 315 282 313
347 316 283 314
348 317 284 315
349 318 285 316
350 319 286 317
351 320 287 318
352 288 319
353 322 289
354 323 290 321
355 324 291 322
356 325 292 323
357 326 293 324
358 327 294 325
359 328 295 326
360 329 296 327
361 330 297 328
362 331 298 329
363 332 299 330
364 333 300 331
365 334 301 332
366 335 302 333
367 336 303 334
368 337 304 335
369 338 305 336
370 339 306 337
371 340 307 338
372 341 308 339
373 342 309 340
374 343 310 341
375 344 311 342
376 345 312 343
377 346 313 344
378 347 314 345
379 348 315 346
380 349 316 347
381 350 317 348
382 351 318 349
383 352 319 350
384 320 351
385 354 321
386 355 322 353
387 356 323 354
388 357 324 355
389 358 325 356
390 359 326 357
391 360 327 358
392 361 328 359
393 362 329 360
394 363 330 361
395 364 331 362
396 365 332 363
397 366 333 364
398 367 334 365
399 368 335 366
400 369 336 367
401 370 337 368
402 371 338 369
403 372 339 370
404 373 340 371
405 374 341 372
406 375 342 373
407 376 343 374
408 377 344 375
409 378 345 376
410 379 346 377
411 380 347 378
412 381 348 379
413 382 349 380
414 383 350 381
415 384 351 382
416 352 383
417 386 353
418 387 354 385
419 388 355 386
420 389 356 387
421 390 357 388
422 391 358 389
423 392 359 390
424 393 360 391
425 394 361 392
426 395 362 393
427 396 363 394
428 397 364 395
429 398 365 396
430 399 366 397
431 400 367 398
432 401 368 399
433 402 369 400
434 403 370 401
435 404 371 402
436 405 372 403
437 406 373 404
438 407 374 405
439 408 375 406
440 409 376 407
441 410 377 408
442 411 378 409
443 412 379 410
444 413 380 411
445 414 381 412
446 415 382 413
447 416 383 414
448 384 415
449 418 385
450 419 386 417
451 420 387 418
452 421 388 419
453 422 389 420
454 423 390 421
455 424 391 422
456 425 392 423
457 426 393 424
458 427 394 425
459 428 395 426
460 429 396 427
461 430 397 428
462 431 398 429
463 432 399 430
464 433 400 431
465 434 401 432
466 435 402 433
467 436 403 434
468 437 404 435
469 438 405 436
470 439 406 437
471 440 407 438
472 441 408 439
473 442 409 440
474 443 410 441
475 444 411 442
476 445 412 443
477 446 413 444
478 447 414 445
479 448 415 446
480 416 447
481 450 417
482 451 418 449
483 452 419 450
484 453 420 451
485 454 421 452
486 455 422 453
487 456 423 454
488 457 424 455
489 458 425 456
490 459 426 457
491 460 427 458
492 461 428 459
493 462 429 460
494 463 430 461
495 464 431 462
496 465 432 463
497 466 433 464
498 467 434 465
499 468 435 466
500 469 436 467
501 470 437 468
502 471 438 469
503 472 439 470
504 473 440 471
505 474 441 472
506 475 442 473
507 476 443 474
508 477 444 475
509 478 445 476
510 479 446 477
511 480 447 478
512 448 479
513 482 449
514 483 450 481
515 484 451 482
516 485 452 483
517 486 453 484
518 487 454 485
519 488 455 486
520 489 456 487
521 490 457 488
522 491 458 489
523 492 459 490
524 493 460 491
525 494 461 492
526 495 462 493
527 496 463 494
528 497 464 495
529 498 465 496
530 499 466 497
531 500 467 498
532 501 468 499
533 502 469 500
534 503 470 501
535 504 471 502
536 505 472 503
537 506 473 504
538 507 474 505
539 508 475 506
540 509 476 507
541 510 477 508
542 511 478 509
543 512 479 510
544 480 511
545 514 481
546 515 482 513
547 516 483 514
548 517 484 515
549 518 485 516
550 519 486 517
551 520 487 518
552 521 488 519
553 522 489 520
554 523 490 521
555 524 491 522
556 525 492 523
557 526 493 524
558 527 494 525
559 528 495 526
560 529 496 527
561 530 497 528
562 531 498 529
563 532 499 530
564 533 500 531
565 534 501 532
566 535 502 533
567 536 503 534
568 537 504 535
569 538 505 536
570 539 506 537
571 540 507 538
572 541 508 539
573 542 509 540
574 543 510 541
575 544 511 542
576 512 543
577 546 513
578 547 514 545
579 548 515 546
580 549 516 547
581 550 517 548
582 551 518 549
583 552 519 550
584 553 520 551
585 554 521 552
586 555 522 553
587 556 523 554
588 557 524 555
589 558 525 556
590 559 526 557
591 560 527 558
592 561 528 559
593 562 529 560
594 563 530 561
595 564 531 562
596 565 532 563
597 566 533 564
598 567 534 565
599 568 535 566
600 569 536 567
601 570 537 568
602 571 538 569
603 572 539 570
604 573 540 571
605 574 541 572
606 575 542 573
607 576 543 574
608 544 575
609 578 545
610 579 546 577
611 580 547 578
612 581 548 579
613 582 549 580
614 583 550 581
615 584 551 582
616 585 552 583
617 586 553 584
618 587 554 585
619 588 555 586
620 589 556 587
621 590 557 588
622 591 558 589
623 592 559 590
624 593 560 591
625 594 561 592
626 595 562 593
627 596 563 594
628 597 564 595
629 598 565 596
630 599 566 597
631 600 567 598
632 601 568 599
633 602 569 600
634 603 570 601
635 604 571 602
636 605 572 603
637 606 573 604
638 607 574 605
639 608 575 606
640 576 607
641 610 577
642 611 578 609
643 612 579 610
644 613 580 611
645 614 581 612
646 615 582 613
647 616 583 614
648 617 584 615
649 618 585 616
650 619 586 617
651 620 587 618
652 621 588 619
653 622 589 620
654 623 590 621
655 624 591 622
656 625 592 623
657 626 593 624
658 627 594 625
659 628 595 626
660 629 596 627
661 630 597 628
662 631 598 629
663 632 599 630
664 633 600 631
665 634 601 632
666 635 602 633
667 636 603 634
668 637 604 635
669 638 605 636
670 639 606 637
671 640 607 638
672 608 639
673 642 609
674 643 610 641
675 644 611 642
676 645 612 643
677 646 613 644
678 647 614 645
679 648 615 646
680 649 616 647
681 650 617 648
682 651 618 649
683 652 619 650
684 653 620 651
685 654 621 652
686 655 622 653
687 656 623 654
688 657 624 655
689 658 625 656
690 659 626 657
691 660 627 658
692 661 628 659
693 662 629 660
694 663 630 661
695 664 631 662
696 665 632 663
697 666 633 664
698 667 634 665
699 668 635 666
700 669 636 667
701 670 637 668
702 671 638 669
703 672 639 670
704 640 671
705 674 641
706 675 642 673
707 676 643 674
708 677 644 675
709 678 645 676
710 679 646 677
711 680 647 678
712 681 648 679
713 682 649 680
714 683 650 681
715 684 651 682
716 685 652 683
717 686 653 684
718 687 654 685
719 688 655 686
720 689 656 687
721 690 657 688
722 691 658 689
723 692 659 690
724 693 660 691
725 694 661 692
726 695 662 693
727 696 663 694
728 697 664 695
729 698 665 696
730 699 666 697
731 700 667 698
732 701 668 699
733 702 669 700
734 703 670 701
735 704 671 702
736 672 703
737 706 673
738 707 674 705
739 708 675 706
740 709 676 707
741 710 677 708
742 711 678 709
743 712 679 710
744 713 680 711
745 714 681 712
746 715 682 713
747 716 683 714
748 717 684 715
749 718 685 716
750 719 686 717
751 720 687 718
752 721 688 719
753 722 689 720
754 723 690 721
755 724 691 722
756 725 692 723
757 726 693 724
758 727 694 725
759 728 695 726
760 729 696 727
761 730 697 728
762 731 698 729
763 732 699 730
764 733 700 731
765 734 701 732
766 735 702 733
767 736 703 734
768 704 735
769 738 705
770 739 706 737
771 740 707 738
772 741 708 739
773 742 709 740
774 743 710 741
775 744 711 742
776 745 712 743
777 746 713 744
778 747 714 745
779 748 715 746
780 749 716 747
781 750 717 748
782 751 718 749
783 752 719 750
784 753 720 751
785 754 721 752
786 755 722 753
787 756 723 754
788 757 724 755
789 758 725 756
790 759 726 757
791 760 727 758
792 761 728 759
793 762 729 760
794 763 730 761
795 764 731 762
796 765 732 763
797 766 733 764
798 767 734 765
799 768 735 766
800 736 767
801 770 737
802 771 738 769
803 772 739 770
804 773 740 771
805 774 741 772
806 775 742 773
807 776 743 774
808 777 744 775
809 778 745 776
810 779 746 777
811 780 747 778
812 781 748 779
813 782 749 780
814 783 750 781
815 784 751 782
816 785 752 783
817 786 753 784
818 787 754 785
819 788 755 786
820 789 756 787
821 790 757 788
822 791 758 789
823 792 759 790
824 793 760 791
825 794 761 792
826 795 762 793
827 796 763 794
828 797 764 795
829 798 765 796
830 799 766 797
831 800 767 798
832 768 799
833 802 769
834 803 770 801
835 804 771 802
836 805 772 803
837 806 773 804
838 807 774 805
839 808 775 806
840 809 776 807
841 810 777 808
842 811 778 809
843 812 779 810
844 813 780 811
845 814 781 812
846 815 782 813
847 816 783 814
848 817 784 815
849 818 785 816
850 819 786 817
851 820 787 818
852 821 788 819
853 822 789 820
854 823 790 821
855 824 791 822
856 825 792 823
857 826 793 824
858 827 794 825
859 828 795 826
860 829 796 827
861 830 797 828
862 831 798 829
863 832 799 830
864 800 831
865 834 801
866 835 802 833
867 836 803 834
868 837 804 835
869 838 805 836
870 839 806 837
871 840 807 838
872 841 808 839
873 842 809 840
874 843 810 841
875 844 811 842
876 845 812 843
877 846 813 844
878 847 814 845
879 848 815 846
880 849 816 847
881 850 817 848
882 851 818 849
883 852 819 850
884 853 820 851
885 854 821 852
886 855 822 853
887 856 823 854
888 857 824 855
889 858 825 856
890 859 826 857
891 860 827 858
892 861 828 859
893 862 829 860
894 863 830 861
895 864 831 862
896 832 863
897 866 833
898 867 834 865
899 868 835 866
900 869 836 867
901 870 837 868
902 871 838 869
903 872 839 870
904 873 840 871
905 874 841 872
906 875 842 873
907 876 843 874
908 877 844 875
909 878 845 876
910 879 846 877
911 880 847 878
912 881 848 879
913 882 849 880
914 883 850 881
915 884 851 882
916 885 852 883
917 886 853 884
918 887 854 885
919 888 855 886
920 889 856 887
921 890 857 888
922 891 858 889
923 892 859 890
924 893 860 891
925 894 861 892
926 895 862 893
927 896 863 894
928 864 895
929 898 865
930 899 866 897
931 900 867 898
932 901 868 899
933 902 869 900
934 903 870 901
935 904 871 902
936 905 872 903
937 906 873 904
938 907 874 905
939 908 875 906
940 909 876 907
941 910 877 908
942 911 878 909
943 912 879 910
944 913 880 911
945 914 881 912
946 915 882 913
947 916 883 914
948 917 884 915
949 918 885 916
950 919 886 917
951 920 887 918
952 921 888 919
953 922 889 920
954 923 890 921
955 924 891 922
956 925 892 923
957 926 893 924
958 927 894 925
959 928 895 926
960 896 927
961 930 897
962 931 898 929
963 932 899 930
964 933 900 931
965 934 901 932
966 935 902 933
967 936 903 934
968 937 904 935
969 938 905 936
970 939 906 937
971 940 907 938
972 941 908 939
973 942 909 940
974 943 910 941
975 944 911 942
976 945 912 943
977 946 913 944
978 947 914 945
979 948 915 946
980 949 916 947
981 950 917 948
982 951 918 949
983 952 919 950
984 953 920 951
985 954 921 952
986 955 922 953
987 956 923 954
988 957 924 955
989 958 925 956
990 959 926 957
991 960 927 958
992 928 959
993 962 929
994 963 930 961
995 964 931 962
996 965 932 963
997 966 933 964
998 967 934 965
999 968 935 966
1000 969 936 967
1001 970 937 968
1002 971 938 969
1003 972 939 970
1004 973 940 971
1005 974 941 972
1006 975 942 973
1007 976 943 974
1008 977 944 975
1009 978 945 976
1010 979 946 977
1011 980 947 978
1012 981 948 979
1013 982 949 980
1014 983 950 981
1015 984 951 982
1016 985 952 983
1017 986 953 984
1018 987 954 985
1019 988 955 986
1020 989 956 987
1021 990 957 988
1022 991 958 989
1023 992 959 990
1024 960 991
994 961
995 962 993
996 963 994
997 964 995
998 965 996
999 966 997
1000 967 998
1001 968 999
1002 969 1000
1003 970 1001
1004 971 1002
1005 972 1003
1006 973 1004
1007 974 1005
1008 975 1006
1009 976 1007
1010 977 1008
1011 978 1009
1012 979 1010
1013 980 1011
1014 981 1012
1015 982 1013
1016 983 1014
1017 984 1015
1018 985 1016
1019 986 1017
1020 987 1018
1021 988 1019
1022 989 1020
1023 990 1021
1024 991 1022
992 1023
