4096 8064
65 2
66 3 1
67 4 2
68 5 3
69 6 4
70 7 5
71 8 6
72 9 7
73 10 8
74 11 9
75 12 10
76 13 11
77 14 12
78 15 13
79 16 14
80 17 15
81 18 16
82 19 17
83 20 18
84 21 19
85 22 20
86 23 21
87 24 22
88 25 23
89 26 24
90 27 25
91 28 26
92 29 27
93 30 28
94 31 29
95 32 30
96 33 31
97 34 32
98 35 33
99 36 34
100 37 35
101 38 36
102 39 37
103 40 38
104 41 39
105 42 40
106 43 41
107 44 42
108 45 43
109 46 44
110 47 45
111 48 46
112 49 47
113 50 48
114 51 49
115 52 50
116 53 51
117 54 52
118 55 53
119 56 54
120 57 55
121 58 56
122 59 57
123 60 58
124 61 59
125 62 60
126 63 61
127 64 62
128 63
129 66 1
130 67 2 65
131 68 3 66
132 69 4 67
133 70 5 68
134 71 6 69
135 72 7 70
136 73 8 71
137 74 9 72
138 75 10 73
139 76 11 74
140 77 12 75
141 78 13 76
142 79 14 77
143 80 15 78
144 81 16 79
145 82 17 80
146 83 18 81
147 84 19 82
148 85 20 83
149 86 21 84
150 87 22 85
151 88 23 86
152 89 24 87
153 90 25 88
154 91 26 89
155 92 27 90
156 93 28 91
157 94 29 92
158 95 30 93
159 96 31 94
160 97 32 95
161 98 33 96
162 99 34 97
163 100 35 98
164 101 36 99
165 102 37 100
166 103 38 101
167 104 39 102
168 105 40 103
169 106 41 104
170 107 42 105
171 108 43 106
172 109 44 107
173 110 45 108
174 111 46 109
175 112 47 110
176 113 48 111
177 114 49 112
178 115 50 113
179 116 51 114
180 117 52 115
181 118 53 116
182 119 54 117
183 120 55 118
184 121 56 119
185 122 57 120
186 123 58 121
187 124 59 122
188 125 60 123
189 126 61 124
190 127 62 125
191 128 63 126
192 64 127
193 130 65
194 131 66 129
195 132 67 130
196 133 68 131
197 134 69 132
198 135 70 133
199 136 71 134
200 137 72 135
201 138 73 136
202 139 74 137
203 140 75 138
204 141 76 139
205 142 77 140
206 143 78 141
207 144 79 142
208 145 80 143
209 146 81 144
210 147 82 145
211 148 83 146
212 149 84 147
213 150 85 148
214 151 86 149
215 152 87 150
216 153 88 151
217 154 89 152
218 155 90 153
219 156 91 154
220 157 92 155
221 158 93 156
222 159 94 157
223 160 95 158
224 161 96 159
225 162 97 160
226 163 98 161
227 164 99 162
228 165 100 163
229 166 101 164
230 167 102 165
231 168 103 166
232 169 104 167
233 170 105 168
234 171 106 169
235 172 107 170
236 173 108 171
237 174 109 172
238 175 110 173
239 176 111 174
240 177 112 175
241 178 113 176
242 179 114 177
243 180 115 178
244 181 116 179
245 182 117 180
246 183 118 181
247 184 119 182
248 185 120 183
249 186 121 184
250 187 122 185
251 188 123 186
252 189 124 187
253 190 125 188
254 191 126 189
255 192 127 190
256 128 191
257 194 129
258 195 130 193
259 196 131 194
260 197 132 195
261 198 133 196
262 199 134 197
263 200 135 198
264 201 136 199
265 202 137 200
266 203 138 201
267 204 139 202
268 205 140 203
269 206 141 204
270 207 142 205
271 208 143 206
272 209 144 207
273 210 145 208
274 211 146 209
275 212 147 210
276 213 148 211
277 214 149 212
278 215 150 213
279 216 151 214
280 217 152 215
281 218 153 216
282 219 154 217
283 220 155 218
284 221 156 219
285 222 157 220
286 223 158 221
287 224 159 222
288 225 160 223
289 226 161 224
290 227 162 225
291 228 163 226
292 229 164 227
293 230 165 228
294 231 166 229
295 232 167 230
296 233 168 231
297 234 169 232
298 235 170 233
299 236 171 234
300 237 172 235
301 238 173 236
302 239 174 237
303 240 175 238
304 241 176 239
305 242 177 240
306 243 178 241
307 244 179 242
308 245 180 243
309 246 181 244
310 247 182 245
311 248 183 246
312 249 184 247
313 250 185 248
314 251 186 249
315 252 187 250
316 253 188 251
317 254 189 252
318 255 190 253
319 256 191 254
320 192 255
321 258 193
322 259 194 257
323 260 195 258
324 261 196 259
325 262 197 260
326 263 198 261
327 264 199 262
328 265 200 263
329 266 201 264
330 267 202 265
331 268 203 266
332 269 204 267
333 270 205 268
334 271 206 269
335 272 207 270
336 273 208 271
337 274 209 272
338 275 210 273
339 276 211 274
340 277 212 275
341 278 213 276
342 279 214 277
343 280 215 278
344 281 216 279
345 282 217 280
346 283 218 281
347 284 219 282
348 285 220 283
349 286 221 284
350 287 222 285
351 288 223 286
352 289 224 287
353 290 225 288
354 291 226 289
355 292 227 290
356 293 228 291
357 294 229 292
358 295 230 293
359 296 231 294
360 297 232 295
361 298 233 296
362 299 234 297
363 300 235 298
364 301 236 299
365 302 237 300
366 303 238 301
367 304 239 302
368 305 240 303
369 306 241 304
370 307 242 305
371 308 243 306
372 309 244 307
373 310 245 308
374 311 246 309
375 312 247 310
376 313 248 311
377 314 249 312
378 315 250 313
379 316 251 314
380 317 252 315
381 318 253 316
382 319 254 317
383 320 255 318
384 256 319
385 322 257
386 323 258 321
387 324 259 322
388 325 260 323
389 326 261 324
390 327 262 325
391 328 263 326
392 329 264 327
393 330 265 328
394 331 266 329
395 332 267 330
396 333 268 331
397 334 269 332
398 335 270 333
399 336 271 334
400 337 272 335
401 338 273 336
402 339 274 337
403 340 275 338
404 341 276 339
405 342 277 340
406 343 278 341
407 344 279 342
408 345 280 343
409 346 281 344
410 347 282 345
411 348 283 346
412 349 284 347
413 350 285 348
414 351 286 349
415 352 287 350
416 353 288 351
417 354 289 352
418 355 290 353
419 356 291 354
420 357 292 355
421 358 293 356
422 359 294 357
423 360 295 358
424 361 296 359
425 362 297 360
426 363 298 361
427 364 299 362
428 365 300 363
429 366 301 364
430 367 302 365
431 368 303 366
432 369 304 367
433 370 305 368
434 371 306 369
435 372 307 370
436 373 308 371
437 374 309 372
438 375 310 373
439 376 311 374
440 377 312 375
441 378 313 376
442 379 314 377
443 380 315 378
444 381 316 379
445 382 317 380
446 383 318 381
447 384 319 382
448 320 383
449 386 321
450 387 322 385
451 388 323 386
452 389 324 387
453 390 325 388
454 391 326 389
455 392 327 390
456 393 328 391
457 394 329 392
458 395 330 393
459 396 331 394
460 397 332 395
461 398 333 396
462 399 334 397
463 400 335 398
464 401 336 399
465 402 337 400
466 403 338 401
467 404 339 402
468 405 340 403
469 406 341 404
470 407 342 405
471 408 343 406
472 409 344 407
473 410 345 408
474 411 346 409
475 412 347 410
476 413 348 411
477 414 349 412
478 415 350 413
479 416 351 414
480 417 352 415
481 418 353 416
482 419 354 417
483 420 355 418
484 421 356 419
485 422 357 420
486 423 358 421
487 424 359 422
488 425 360 423
489 426 361 424
490 427 362 425
491 428 363 426
492 429 364 427
493 430 365 428
494 431 366 429
495 432 367 430
496 433 368 431
497 434 369 432
498 435 370 433
499 436 371 434
500 437 372 435
501 438 373 436
502 439 374 437
503 440 375 438
504 441 376 439
505 442 377 440
506 443 378 441
507 444 379 442
508 445 380 443
509 446 381 444
510 447 382 445
511 448 383 446
512 384 447
513 450 385
514 451 386 449
515 452 387 450
516 453 388 451
517 454 389 452
518 455 390 453
519 456 391 454
520 457 392 455
521 458 393 456
522 459 394 457
523 460 395 458
524 461 396 459
525 462 397 460
526 463 398 461
527 464 399 462
528 465 400 463
529 466 401 464
530 467 402 465
531 468 403 466
532 469 404 467
533 470 405 468
534 471 406 469
535 472 407 470
536 473 408 471
537 474 409 472
538 475 410 473
539 476 411 474
540 477 412 475
541 478 413 476
542 479 414 477
543 480 415 478
544 481 416 479
545 482 417 480
546 483 418 481
547 484 419 482
548 485 420 483
549 486 421 484
550 487 422 485
551 488 423 486
552 489 424 487
553 490 425 488
554 491 426 489
555 492 427 490
556 493 428 491
557 494 429 492
558 495 430 493
559 496 431 494
560 497 432 495
561 498 433 496
562 499 434 497
563 500 435 498
564 501 436 499
565 502 437 500
566 503 438 501
567 504 439 502
568 505 440 503
569 506 441 504
570 507 442 505
571 508 443 506
572 509 444 507
573 510 445 508
574 511 446 509
575 512 447 510
576 448 511
577 514 449
578 515 450 513
579 516 451 514
580 517 452 515
581 518 453 516
582 519 454 517
583 520 455 518
584 521 456 519
585 522 457 520
586 523 458 521
587 524 459 522
588 525 460 523
589 526 461 524
590 527 462 525
591 528 463 526
592 529 464 527
593 530 465 528
594 531 466 529
595 532 467 530
596 533 468 531
597 534 469 532
598 535 470 533
599 536 471 534
600 537 472 535
601 538 473 536
602 539 474 537
603 540 475 538
604 541 476 539
605 542 477 540
606 543 478 541
607 544 479 542
608 545 480 543
609 546 481 544
610 547 482 545
611 548 483 546
612 549 484 547
613 550 485 548
614 551 486 549
615 552 487 550
616 553 488 551
617 554 489 552
618 555 490 553
619 556 491 554
620 557 492 555
621 558 493 556
622 559 494 557
623 560 495 558
624 561 496 559
625 562 497 560
626 563 498 561
627 564 499 562
628 565 500 563
629 566 501 564
630 567 502 565
631 568 503 566
632 569 504 567
633 570 505 568
634 571 506 569
635 572 507 570
636 573 508 571
637 574 509 572
638 575 510 573
639 576 511 574
640 512 575
641 578 513
642 579 514 577
643 580 515 578
644 581 516 579
645 582 517 580
646 583 518 581
647 584 519 582
648 585 520 583
649 586 521 584
650 587 522 585
651 588 523 586
652 589 524 587
653 590 525 588
654 591 526 589
655 592 527 590
656 593 528 591
657 594 529 592
658 595 530 593
659 596 531 594
660 597 532 595
661 598 533 596
662 599 534 597
663 600 535 598
664 601 536 599
665 602 537 600
666 603 538 601
667 604 539 602
668 605 540 603
669 606 541 604
670 607 542 605
671 608 543 606
672 609 544 607
673 610 545 608
674 611 546 609
675 612 547 610
676 613 548 611
677 614 549 612
678 615 550 613
679 616 551 614
680 617 552 615
681 618 553 616
682 619 554 617
683 620 555 618
684 621 556 619
685 622 557 620
686 623 558 621
687 624 559 622
688 625 560 623
689 626 561 624
690 627 562 625
691 628 563 626
692 629 564 627
693 630 565 628
694 631 566 629
695 632 567 630
696 633 568 631
697 634 569 632
698 635 570 633
699 636 571 634
700 637 572 635
701 638 573 636
702 639 574 637
703 640 575 638
704 576 639
705 642 577
706 643 578 641
707 644 579 642
708 645 580 643
709 646 581 644
710 647 582 645
711 648 583 646
712 649 584 647
713 650 585 648
714 651 586 649
715 652 587 650
716 653 588 651
717 654 589 652
718 655 590 653
719 656 591 654
720 657 592 655
721 658 593 656
722 659 594 657
723 660 595 658
724 661 596 659
725 662 597 660
726 663 598 661
727 664 599 662
728 665 600 663
729 666 601 664
730 667 602 665
731 668 603 666
732 669 604 667
733 670 605 668
734 671 606 669
735 672 607 670
736 673 608 671
737 674 609 672
738 675 610 673
739 676 611 674
740 677 612 675
741 678 613 676
742 679 614 677
743 680 615 678
744 681 616 679
745 682 617 680
746 683 618 681
747 684 619 682
748 685 620 683
749 686 621 684
750 687 622 685
751 688 623 686
752 689 624 687
753 690 625 688
754 691 626 689
755 692 627 690
756 693 628 691
757 694 629 692
758 695 630 693
759 696 631 694
760 697 632 695
761 698 633 696
762 699 634 697
763 700 635 698
764 701 636 699
765 702 637 700
766 703 638 701
767 704 639 702
768 640 703
769 706 641
770 707 642 705
771 708 643 706
772 709 644 707
773 710 645 708
774 711 646 709
775 712 647 710
776 713 648 711
777 714 649 712
778 715 650 713
779 716 651 714
780 717 652 715
781 718 653 716
782 719 654 717
783 720 655 718
784 721 656 719
785 722 657 720
786 723 658 721
787 724 659 722
788 725 660 723
789 726 661 724
790 727 662 725
791 728 663 726
792 729 664 727
793 730 665 728
794 731 666 729
795 732 667 730
796 733 668 731
797 734 669 732
798 735 670 733
799 736 671 734
800 737 672 735
801 738 673 736
802 739 674 737
803 740 675 738
804 741 676 739
805 742 677 740
806 743 678 741
807 744 679 742
808 745 680 743
809 746 681 744
810 747 682 745
811 748 683 746
812 749 684 747
813 750 685 748
814 751 686 749
815 752 687 750
816 753 688 751
817 754 689 752
818 755 690 753
819 756 691 754
820 757 692 755
821 758 693 756
822 759 694 757
823 760 695 758
824 761 696 759
825 762 697 760
826 763 698 761
827 764 699 762
828 765 700 763
829 766 701 764
830 767 702 765
831 768 703 766
832 704 767
833 770 705
834 771 706 769
835 772 707 770
836 773 708 771
837 774 709 772
838 775 710 773
839 776 711 774
840 777 712 775
841 778 713 776
842 779 714 777
843 780 715 778
844 781 716 779
845 782 717 780
846 783 718 781
847 784 719 782
848 785 720 783
849 786 721 784
850 787 722 785
851 788 723 786
852 789 724 787
853 790 725 788
854 791 726 789
855 792 727 790
856 793 728 791
857 794 729 792
858 795 730 793
859 796 731 794
860 797 732 795
861 798 733 796
862 799 734 797
863 800 735 798
864 801 736 799
865 802 737 800
866 803 738 801
867 804 739 802
868 805 740 803
869 806 741 804
870 807 742 805
871 808 743 806
872 809 744 807
873 810 745 808
874 811 746 809
875 812 747 810
876 813 748 811
877 814 749 812
878 815 750 813
879 816 751 814
880 817 752 815
881 818 753 816
882 819 754 817
883 820 755 818
884 821 756 819
885 822 757 820
886 823 758 821
887 824 759 822
888 825 760 823
889 826 761 824
890 827 762 825
891 828 763 826
892 829 764 827
893 830 765 828
894 831 766 829
895 832 767 830
896 768 831
897 834 769
898 835 770 833
899 836 771 834
900 837 772 835
901 838 773 836
902 839 774 837
903 840 775 838
904 841 776 839
905 842 777 840
906 843 778 841
907 844 779 842
908 845 780 843
909 846 781 844
910 847 782 845
911 848 783 846
912 849 784 847
913 850 785 848
914 851 786 849
915 852 787 850
916 853 788 851
917 854 789 852
918 855 790 853
919 856 791 854
920 857 792 855
921 858 793 856
922 859 794 857
923 860 795 858
924 861 796 859
925 862 797 860
926 863 798 861
927 864 799 862
928 865 800 863
929 866 801 864
930 867 802 865
931 868 803 866
932 869 804 867
933 870 805 868
934 871 806 869
935 872 807 870
936 873 808 871
937 874 809 872
938 875 810 873
939 876 811 874
940 877 812 875
941 878 813 876
942 879 814 877
943 880 815 878
944 881 816 879
945 882 817 880
946 883 818 881
947 884 819 882
948 885 820 883
949 886 821 884
950 887 822 885
951 888 823 886
952 889 824 887
953 890 825 888
954 891 826 889
955 892 827 890
956 893 828 891
957 894 829 892
958 895 830 893
959 896 831 894
960 832 895
961 898 833
962 899 834 897
963 900 835 898
964 901 836 899
965 902 837 900
966 903 838 901
967 904 839 902
968 905 840 903
969 906 841 904
970 907 842 905
971 908 843 906
972 909 844 907
973 910 845 908
974 911 846 909
975 912 847 910
976 913 848 911
977 914 849 912
978 915 850 913
979 916 851 914
980 917 852 915
981 918 853 916
982 919 854 917
983 920 855 918
984 921 856 919
985 922 857 920
986 923 858 921
987 924 859 922
988 925 860 923
989 926 861 924
990 927 862 925
991 928 863 926
992 929 864 927
993 930 865 928
994 931 866 929
995 932 867 930
996 933 868 931
997 934 869 932
998 935 870 933
999 936 871 934
1000 937 872 935
1001 938 873 936
1002 939 874 937
1003 940 875 938
1004 941 876 939
1005 942 877 940
1006 943 878 941
1007 944 879 942
1008 945 880 943
1009 946 881 944
1010 947 882 945
1011 948 883 946
1012 949 884 947
1013 950 885 948
1014 951 886 949
1015 952 887 950
1016 953 888 951
1017 954 889 952
1018 955 890 953
1019 956 891 954
1020 957 892 955
1021 958 893 956
1022 959 894 957
1023 960 895 958
1024 896 959
1025 962 897
1026 963 898 961
1027 964 899 962
1028 965 900 963
1029 966 901 964
1030 967 902 965
1031 968 903 966
1032 969 904 967
1033 970 905 968
1034 971 906 969
1035 972 907 970
1036 973 908 971
1037 974 909 972
1038 975 910 973
1039 976 911 974
1040 977 912 975
1041 978 913 976
1042 979 914 977
1043 980 915 978
1044 981 916 979
1045 982 917 980
1046 983 918 981
1047 984 919 982
1048 985 920 983
1049 986 921 984
1050 987 922 985
1051 988 923 986
1052 989 924 987
1053 990 925 988
1054 991 926 989
1055 992 927 990
1056 993 928 991
1057 994 929 992
1058 995 930 993
1059 996 931 994
1060 997 932 995
1061 998 933 996
1062 999 934 997
1063 1000 935 998
1064 1001 936 999
1065 1002 937 1000
1066 1003 938 1001
1067 1004 939 1002
1068 1005 940 1003
1069 1006 941 1004
1070 1007 942 1005
1071 1008 943 1006
1072 1009 944 1007
1073 1010 945 1008
1074 1011 946 1009
1075 1012 947 1010
1076 1013 948 1011
1077 1014 949 1012
1078 1015 950 1013
1079 1016 951 1014
1080 1017 952 1015
1081 1018 953 1016
1082 1019 954 1017
1083 1020 955 1018
1084 1021 956 1019
1085 1022 957 1020
1086 1023 958 1021
1087 1024 959 1022
1088 960 1023
1089 1026 961
1090 1027 962 1025
1091 1028 963 1026
1092 1029 964 1027
1093 1030 965 1028
1094 1031 966 1029
1095 1032 967 1030
1096 1033 968 1031
1097 1034 969 1032
1098 1035 970 1033
1099 1036 971 1034
1100 1037 972 1035
1101 1038 973 1036
1102 1039 974 1037
1103 1040 975 1038
1104 1041 976 1039
1105 1042 977 1040
1106 1043 978 1041
1107 1044 979 1042
1108 1045 980 1043
1109 1046 981 1044
1110 1047 982 1045
1111 1048 983 1046
1112 1049 984 1047
1113 1050 985 1048
1114 1051 986 1049
1115 1052 987 1050
1116 1053 988 1051
1117 1054 989 1052
1118 1055 990 1053
1119 1056 991 1054
1120 1057 992 1055
1121 1058 993 1056
1122 1059 994 1057
1123 1060 995 1058
1124 1061 996 1059
1125 1062 997 1060
1126 1063 998 1061
1127 1064 999 1062
1128 1065 1000 1063
1129 1066 1001 1064
1130 1067 1002 1065
1131 1068 1003 1066
1132 1069 1004 1067
1133 1070 1005 1068
1134 1071 1006 1069
1135 1072 1007 1070
1136 1073 1008 1071
1137 1074 1009 1072
1138 1075 1010 1073
1139 1076 1011 1074
1140 1077 1012 1075
1141 1078 1013 1076
1142 1079 1014 1077
1143 1080 1015 1078
1144 1081 1016 1079
1145 1082 1017 1080
1146 1083 1018 1081
1147 1084 1019 1082
1148 1085 1020 1083
1149 1086 1021 1084
1150 1087 1022 1085
1151 1088 1023 1086
1152 1024 1087
1153 1090 1025
1154 1091 1026 1089
1155 1092 1027 1090
1156 1093 1028 1091
1157 1094 1029 1092
1158 1095 1030 1093
1159 1096 1031 1094
1160 1097 1032 1095
1161 1098 1033 1096
1162 1099 1034 1097
1163 1100 1035 1098
1164 1101 1036 1099
1165 1102 1037 1100
1166 1103 1038 1101
1167 1104 1039 1102
1168 1105 1040 1103
1169 1106 1041 1104
1170 1107 1042 1105
1171 1108 1043 1106
1172 1109 1044 1107
1173 1110 1045 1108
1174 1111 1046 1109
1175 1112 1047 1110
1176 1113 1048 1111
1177 1114 1049 1112
1178 1115 1050 1113
1179 1116 1051 1114
1180 1117 1052 1115
1181 1118 1053 1116
1182 1119 1054 1117
1183 1120 1055 1118
1184 1121 1056 1119
1185 1122 1057 1120
1186 1123 1058 1121
1187 1124 1059 1122
1188 1125 1060 1123
1189 1126 1061 1124
1190 1127 1062 1125
1191 1128 1063 1126
1192 1129 1064 1127
1193 1130 1065 1128
1194 1131 1066 1129
1195 1132 1067 1130
1196 1133 1068 1131
1197 1134 1069 1132
1198 1135 1070 1133
1199 1136 1071 1134
1200 1137 1072 1135
1201 1138 1073 1136
1202 1139 1074 1137
1203 1140 1075 1138
1204 1141 1076 1139
1205 1142 1077 1140
1206 1143 1078 1141
1207 1144 1079 1142
1208 1145 1080 1143
1209 1146 1081 1144
1210 1147 1082 1145
1211 1148 1083 1146
1212 1149 1084 1147
1213 1150 1085 1148
1214 1151 1086 1149
1215 1152 1087 1150
1216 1088 1151
1217 1154 1089
1218 1155 1090 1153
1219 1156 1091 1154
1220 1157 1092 1155
1221 1158 1093 1156
1222 1159 1094 1157
1223 1160 1095 1158
1224 1161 1096 1159
1225 1162 1097 1160
1226 1163 1098 1161
1227 1164 1099 1162
1228 1165 1100 1163
1229 1166 1101 1164
1230 1167 1102 1165
1231 1168 1103 1166
1232 1169 1104 1167
1233 1170 1105 1168
1234 1171 1106 1169
1235 1172 1107 1170
1236 1173 1108 1171
1237 1174 1109 1172
1238 1175 1110 1173
1239 1176 1111 1174
1240 1177 1112 1175
1241 1178 1113 1176
1242 1179 1114 1177
1243 1180 1115 1178
1244 1181 1116 1179
1245 1182 1117 1180
1246 1183 1118 1181
1247 1184 1119 1182
1248 1185 1120 1183
1249 1186 1121 1184
1250 1187 1122 1185
1251 1188 1123 1186
1252 1189 1124 1187
1253 1190 1125 1188
1254 1191 1126 1189
1255 1192 1127 1190
1256 1193 1128 1191
1257 1194 1129 1192
1258 1195 1130 1193
1259 1196 1131 1194
1260 1197 1132 1195
1261 1198 1133 1196
1262 1199 1134 1197
1263 1200 1135 1198
1264 1201 1136 1199
1265 1202 1137 1200
1266 1203 1138 1201
1267 1204 1139 1202
1268 1205 1140 1203
1269 1206 1141 1204
1270 1207 1142 1205
1271 1208 1143 1206
1272 1209 1144 1207
1273 1210 1145 1208
1274 1211 1146 1209
1275 1212 1147 1210
1276 1213 1148 1211
1277 1214 1149 1212
1278 1215 1150 1213
1279 1216 1151 1214
1280 1152 1215
1281 1218 1153
1282 1219 1154 1217
1283 1220 1155 1218
1284 1221 1156 1219
1285 1222 1157 1220
1286 1223 1158 1221
1287 1224 1159 1222
1288 1225 1160 1223
1289 1226 1161 1224
1290 1227 1162 1225
1291 1228 1163 1226
1292 1229 1164 1227
1293 1230 1165 1228
1294 1231 1166 1229
1295 1232 1167 1230
1296 1233 1168 1231
1297 1234 1169 1232
1298 1235 1170 1233
1299 1236 1171 1234
1300 1237 1172 1235
1301 1238 1173 1236
1302 1239 1174 1237
1303 1240 1175 1238
1304 1241 1176 1239
1305 1242 1177 1240
1306 1243 1178 1241
1307 1244 1179 1242
1308 1245 1180 1243
1309 1246 1181 1244
1310 1247 1182 1245
1311 1248 1183 1246
1312 1249 1184 1247
1313 1250 1185 1248
1314 1251 1186 1249
1315 1252 1187 1250
1316 1253 1188 1251
1317 1254 1189 1252
1318 1255 1190 1253
1319 1256 1191 1254
1320 1257 1192 1255
1321 1258 1193 1256
1322 1259 1194 1257
1323 1260 1195 1258
1324 1261 1196 1259
1325 1262 1197 1260
1326 1263 1198 1261
1327 1264 1199 1262
1328 1265 1200 1263
1329 1266 1201 1264
1330 1267 1202 1265
1331 1268 1203 1266
1332 1269 1204 1267
1333 1270 1205 1268
1334 1271 1206 1269
1335 1272 1207 1270
1336 1273 1208 1271
1337 1274 1209 1272
1338 1275 1210 1273
1339 1276 1211 1274
1340 1277 1212 1275
1341 1278 1213 1276
1342 1279 1214 1277
1343 1280 1215 1278
1344 1216 1279
1345 1282 1217
1346 1283 1218 1281
1347 1284 1219 1282
1348 1285 1220 1283
1349 1286 1221 1284
1350 1287 1222 1285
1351 1288 1223 1286
1352 1289 1224 1287
1353 1290 1225 1288
1354 1291 1226 1289
1355 1292 1227 1290
1356 1293 1228 1291
1357 1294 1229 1292
1358 1295 1230 1293
1359 1296 1231 1294
1360 1297 1232 1295
1361 1298 1233 1296
1362 1299 1234 1297
1363 1300 1235 1298
1364 1301 1236 1299
1365 1302 1237 1300
1366 1303 1238 1301
1367 1304 1239 1302
1368 1305 1240 1303
1369 1306 1241 1304
1370 1307 1242 1305
1371 1308 1243 1306
1372 1309 1244 1307
1373 1310 1245 1308
1374 1311 1246 1309
1375 1312 1247 1310
1376 1313 1248 1311
1377 1314 1249 1312
1378 1315 1250 1313
1379 1316 1251 1314
1380 1317 1252 1315
1381 1318 1253 1316
1382 1319 1254 1317
1383 1320 1255 1318
1384 1321 1256 1319
1385 1322 1257 1320
1386 1323 1258 1321
1387 1324 1259 1322
1388 1325 1260 1323
1389 1326 1261 1324
1390 1327 1262 1325
1391 1328 1263 1326
1392 1329 1264 1327
1393 1330 1265 1328
1394 1331 1266 1329
1395 1332 1267 1330
1396 1333 1268 1331
1397 1334 1269 1332
1398 1335 1270 1333
1399 1336 1271 1334
1400 1337 1272 1335
1401 1338 1273 1336
1402 1339 1274 1337
1403 1340 1275 1338
1404 1341 1276 1339
1405 1342 1277 1340
1406 1343 1278 1341
1407 1344 1279 1342
1408 1280 1343
1409 1346 1281
1410 1347 1282 1345
1411 1348 1283 1346
1412 1349 1284 1347
1413 1350 1285 1348
1414 1351 1286 1349
1415 1352 1287 1350
1416 1353 1288 1351
1417 1354 1289 1352
1418 1355 1290 1353
1419 1356 1291 1354
1420 1357 1292 1355
1421 1358 1293 1356
1422 1359 1294 1357
1423 1360 1295 1358
1424 1361 1296 1359
1425 1362 1297 1360
1426 1363 1298 1361
1427 1364 1299 1362
1428 1365 1300 1363
1429 1366 1301 1364
1430 1367 1302 1365
1431 1368 1303 1366
1432 1369 1304 1367
1433 1370 1305 1368
1434 1371 1306 1369
1435 1372 1307 1370
1436 1373 1308 1371
1437 1374 1309 1372
1438 1375 1310 1373
1439 1376 1311 1374
1440 1377 1312 1375
1441 1378 1313 1376
1442 1379 1314 1377
1443 1380 1315 1378
1444 1381 1316 1379
1445 1382 1317 1380
1446 1383 1318 1381
1447 1384 1319 1382
1448 1385 1320 1383
1449 1386 1321 1384
1450 1387 1322 1385
1451 1388 1323 1386
1452 1389 1324 1387
1453 1390 1325 1388
1454 1391 1326 1389
1455 1392 1327 1390
1456 1393 1328 1391
1457 1394 1329 1392
1458 1395 1330 1393
1459 1396 1331 1394
1460 1397 1332 1395
1461 1398 1333 1396
1462 1399 1334 1397
1463 1400 1335 1398
1464 1401 1336 1399
1465 1402 1337 1400
1466 1403 1338 1401
1467 1404 1339 1402
1468 1405 1340 1403
1469 1406 1341 1404
1470 1407 1342 1405
1471 1408 1343 1406
1472 1344 1407
1473 1410 1345
1474 1411 1346 1409
1475 1412 1347 1410
1476 1413 1348 1411
1477 1414 1349 1412
1478 1415 1350 1413
1479 1416 1351 1414
1480 1417 1352 1415
1481 1418 1353 1416
1482 1419 1354 1417
1483 1420 1355 1418
1484 1421 1356 1419
1485 1422 1357 1420
1486 1423 1358 1421
1487 1424 1359 1422
1488 1425 1360 1423
1489 1426 1361 1424
1490 1427 1362 1425
1491 1428 1363 1426
1492 1429 1364 1427
1493 1430 1365 1428
1494 1431 1366 1429
1495 1432 1367 1430
1496 1433 1368 1431
1497 1434 1369 1432
1498 1435 1370 1433
1499 1436 1371 1434
1500 1437 1372 1435
1501 1438 1373 1436
1502 1439 1374 1437
1503 1440 1375 1438
1504 1441 1376 1439
1505 1442 1377 1440
1506 1443 1378 1441
1507 1444 1379 1442
1508 1445 1380 1443
1509 1446 1381 1444
1510 1447 1382 1445
1511 1448 1383 1446
1512 1449 1384 1447
1513 1450 1385 1448
1514 1451 1386 1449
1515 1452 1387 1450
1516 1453 1388 1451
1517 1454 1389 1452
1518 1455 1390 1453
1519 1456 1391 1454
1520 1457 1392 1455
1521 1458 1393 1456
1522 1459 1394 1457
1523 1460 1395 1458
1524 1461 1396 1459
1525 1462 1397 1460
1526 1463 1398 1461
1527 1464 1399 1462
1528 1465 1400 1463
1529 1466 1401 1464
1530 1467 1402 1465
1531 1468 1403 1466
1532 1469 1404 1467
1533 1470 1405 1468
1534 1471 1406 1469
1535 1472 1407 1470
1536 1408 1471
1537 1474 1409
1538 1475 1410 1473
1539 1476 1411 1474
1540 1477 1412 1475
1541 1478 1413 1476
1542 1479 1414 1477
1543 1480 1415 1478
1544 1481 1416 1479
1545 1482 1417 1480
1546 1483 1418 1481
1547 1484 1419 1482
1548 1485 1420 1483
1549 1486 1421 1484
1550 1487 1422 1485
1551 1488 1423 1486
1552 1489 1424 1487
1553 1490 1425 1488
1554 1491 1426 1489
1555 1492 1427 1490
1556 1493 1428 1491
1557 1494 1429 1492
1558 1495 1430 1493
1559 1496 1431 1494
1560 1497 1432 1495
1561 1498 1433 1496
1562 1499 1434 1497
1563 1500 1435 1498
1564 1501 1436 1499
1565 1502 1437 1500
1566 1503 1438 1501
1567 1504 1439 1502
1568 1505 1440 1503
1569 1506 1441 1504
1570 1507 1442 1505
1571 1508 1443 1506
1572 1509 1444 1507
1573 1510 1445 1508
1574 1511 1446 1509
1575 1512 1447 1510
1576 1513 1448 1511
1577 1514 1449 1512
1578 1515 1450 1513
1579 1516 1451 1514
1580 1517 1452 1515
1581 1518 1453 1516
1582 1519 1454 1517
1583 1520 1455 1518
1584 1521 1456 1519
1585 1522 1457 1520
1586 1523 1458 1521
1587 1524 1459 1522
1588 1525 1460 1523
1589 1526 1461 1524
1590 1527 1462 1525
1591 1528 1463 1526
1592 1529 1464 1527
1593 1530 1465 1528
1594 1531 1466 1529
1595 1532 1467 1530
1596 1533 1468 1531
1597 1534 1469 1532
1598 1535 1470 1533
1599 1536 1471 1534
1600 1472 1535
1601 1538 1473
1602 1539 1474 1537
1603 1540 1475 1538
1604 1541 1476 1539
1605 1542 1477 1540
1606 1543 1478 1541
1607 1544 1479 1542
1608 1545 1480 1543
1609 1546 1481 1544
1610 1547 1482 1545
1611 1548 1483 1546
1612 1549 1484 1547
1613 1550 1485 1548
1614 1551 1486 1549
1615 1552 1487 1550
1616 1553 1488 1551
1617 1554 1489 1552
1618 1555 1490 1553
1619 1556 1491 1554
1620 1557 1492 1555
1621 1558 1493 1556
1622 1559 1494 1557
1623 1560 1495 1558
1624 1561 1496 1559
1625 1562 1497 1560
1626 1563 1498 1561
1627 1564 1499 1562
1628 1565 1500 1563
1629 1566 1501 1564
1630 1567 1502 1565
1631 1568 1503 1566
1632 1569 1504 1567
1633 1570 1505 1568
1634 1571 1506 1569
1635 1572 1507 1570
1636 1573 1508 1571
1637 1574 1509 1572
1638 1575 1510 1573
1639 1576 1511 1574
1640 1577 1512 1575
1641 1578 1513 1576
1642 1579 1514 1577
1643 1580 1515 1578
1644 1581 1516 1579
1645 1582 1517 1580
1646 1583 1518 1581
1647 1584 1519 1582
1648 1585 1520 1583
1649 1586 1521 1584
1650 1587 1522 1585
1651 1588 1523 1586
1652 1589 1524 1587
1653 1590 1525 1588
1654 1591 1526 1589
1655 1592 1527 1590
1656 1593 1528 1591
1657 1594 1529 1592
1658 1595 1530 1593
1659 1596 1531 1594
1660 1597 1532 1595
1661 1598 1533 1596
1662 1599 1534 1597
1663 1600 1535 1598
1664 1536 1599
1665 1602 1537
1666 1603 1538 1601
1667 1604 1539 1602
1668 1605 1540 1603
1669 1606 1541 1604
1670 1607 1542 1605
1671 1608 1543 1606
1672 1609 1544 1607
1673 1610 1545 1608
1674 1611 1546 1609
1675 1612 1547 1610
1676 1613 1548 1611
1677 1614 1549 1612
1678 1615 1550 1613
1679 1616 1551 1614
1680 1617 1552 1615
1681 1618 1553 1616
1682 1619 1554 1617
1683 1620 1555 1618
1684 1621 1556 1619
1685 1622 1557 1620
1686 1623 1558 1621
1687 1624 1559 1622
1688 1625 1560 1623
1689 1626 1561 1624
1690 1627 1562 1625
1691 1628 1563 1626
1692 1629 1564 1627
1693 1630 1565 1628
1694 1631 1566 1629
1695 1632 1567 1630
1696 1633 1568 1631
1697 1634 1569 1632
1698 1635 1570 1633
1699 1636 1571 1634
1700 1637 1572 1635
1701 1638 1573 1636
1702 1639 1574 1637
1703 1640 1575 1638
1704 1641 1576 1639
1705 1642 1577 1640
1706 1643 1578 1641
1707 1644 1579 1642
1708 1645 1580 1643
1709 1646 1581 1644
1710 1647 1582 1645
1711 1648 1583 1646
1712 1649 1584 1647
1713 1650 1585 1648
1714 1651 1586 1649
1715 1652 1587 1650
1716 1653 1588 1651
1717 1654 1589 1652
1718 1655 1590 1653
1719 1656 1591 1654
1720 1657 1592 1655
1721 1658 1593 1656
1722 1659 1594 1657
1723 1660 1595 1658
1724 1661 1596 1659
1725 1662 1597 1660
1726 1663 1598 1661
1727 1664 1599 1662
1728 1600 1663
1729 1666 1601
1730 1667 1602 1665
1731 1668 1603 1666
1732 1669 1604 1667
1733 1670 1605 1668
1734 1671 1606 1669
1735 1672 1607 1670
1736 1673 1608 1671
1737 1674 1609 1672
1738 1675 1610 1673
1739 1676 1611 1674
1740 1677 1612 1675
1741 1678 1613 1676
1742 1679 1614 1677
1743 1680 1615 1678
1744 1681 1616 1679
1745 1682 1617 1680
1746 1683 1618 1681
1747 1684 1619 1682
1748 1685 1620 1683
1749 1686 1621 1684
1750 1687 1622 1685
1751 1688 1623 1686
1752 1689 1624 1687
1753 1690 1625 1688
1754 1691 1626 1689
1755 1692 1627 1690
1756 1693 1628 1691
1757 1694 1629 1692
1758 1695 1630 1693
1759 1696 1631 1694
1760 1697 1632 1695
1761 1698 1633 1696
1762 1699 1634 1697
1763 1700 1635 1698
1764 1701 1636 1699
1765 1702 1637 1700
1766 1703 1638 1701
1767 1704 1639 1702
1768 1705 1640 1703
1769 1706 1641 1704
1770 1707 1642 1705
1771 1708 1643 1706
1772 1709 1644 1707
1773 1710 1645 1708
1774 1711 1646 1709
1775 1712 1647 1710
1776 1713 1648 1711
1777 1714 1649 1712
1778 1715 1650 1713
1779 1716 1651 1714
1780 1717 1652 1715
1781 1718 1653 1716
1782 1719 1654 1717
1783 1720 1655 1718
1784 1721 1656 1719
1785 1722 1657 1720
1786 1723 1658 1721
1787 1724 1659 1722
1788 1725 1660 1723
1789 1726 1661 1724
1790 1727 1662 1725
1791 1728 1663 1726
1792 1664 1727
1793 1730 1665
1794 1731 1666 1729
1795 1732 1667 1730
1796 1733 1668 1731
1797 1734 1669 1732
1798 1735 1670 1733
1799 1736 1671 1734
1800 1737 1672 1735
1801 1738 1673 1736
1802 1739 1674 1737
1803 1740 1675 1738
1804 1741 1676 1739
1805 1742 1677 1740
1806 1743 1678 1741
1807 1744 1679 1742
1808 1745 1680 1743
1809 1746 1681 1744
1810 1747 1682 1745
1811 1748 1683 1746
1812 1749 1684 1747
1813 1750 1685 1748
1814 1751 1686 1749
1815 1752 1687 1750
1816 1753 1688 1751
1817 1754 1689 1752
1818 1755 1690 1753
1819 1756 1691 1754
1820 1757 1692 1755
1821 1758 1693 1756
1822 1759 1694 1757
1823 1760 1695 1758
1824 1761 1696 1759
1825 1762 1697 1760
1826 1763 1698 1761
1827 1764 1699 1762
1828 1765 1700 1763
1829 1766 1701 1764
1830 1767 1702 1765
1831 1768 1703 1766
1832 1769 1704 1767
1833 1770 1705 1768
1834 1771 1706 1769
1835 1772 1707 1770
1836 1773 1708 1771
1837 1774 1709 1772
1838 1775 1710 1773
1839 1776 1711 1774
1840 1777 1712 1775
1841 1778 1713 1776
1842 1779 1714 1777
1843 1780 1715 1778
1844 1781 1716 1779
1845 1782 1717 1780
1846 1783 1718 1781
1847 1784 1719 1782
1848 1785 1720 1783
1849 1786 1721 1784
1850 1787 1722 1785
1851 1788 1723 1786
1852 1789 1724 1787
1853 1790 1725 1788
1854 1791 1726 1789
1855 1792 1727 1790
1856 1728 1791
1857 1794 1729
1858 1795 1730 1793
1859 1796 1731 1794
1860 1797 1732 1795
1861 1798 1733 1796
1862 1799 1734 1797
1863 1800 1735 1798
1864 1801 1736 1799
1865 1802 1737 1800
1866 1803 1738 1801
1867 1804 1739 1802
1868 1805 1740 1803
1869 1806 1741 1804
1870 1807 1742 1805
1871 1808 1743 1806
1872 1809 1744 1807
1873 1810 1745 1808
1874 1811 1746 1809
1875 1812 1747 1810
1876 1813 1748 1811
1877 1814 1749 1812
1878 1815 1750 1813
1879 1816 1751 1814
1880 1817 1752 1815
1881 1818 1753 1816
1882 1819 1754 1817
1883 1820 1755 1818
1884 1821 1756 1819
1885 1822 1757 1820
1886 1823 1758 1821
1887 1824 1759 1822
1888 1825 1760 1823
1889 1826 1761 1824
1890 1827 1762 1825
1891 1828 1763 1826
1892 1829 1764 1827
1893 1830 1765 1828
1894 1831 1766 1829
1895 1832 1767 1830
1896 1833 1768 1831
1897 1834 1769 1832
1898 1835 1770 1833
1899 1836 1771 1834
1900 1837 1772 1835
1901 1838 1773 1836
1902 1839 1774 1837
1903 1840 1775 1838
1904 1841 1776 1839
1905 1842 1777 1840
1906 1843 1778 1841
1907 1844 1779 1842
1908 1845 1780 1843
1909 1846 1781 1844
1910 1847 1782 1845
1911 1848 1783 1846
1912 1849 1784 1847
1913 1850 1785 1848
1914 1851 1786 1849
1915 1852 1787 1850
1916 1853 1788 1851
1917 1854 1789 1852
1918 1855 1790 1853
1919 1856 1791 1854
1920 1792 1855
1921 1858 1793
1922 1859 1794 1857
1923 1860 1795 1858
1924 1861 1796 1859
1925 1862 1797 1860
1926 1863 1798 1861
1927 1864 1799 1862
1928 1865 1800 1863
1929 1866 1801 1864
1930 1867 1802 1865
1931 1868 1803 1866
1932 1869 1804 1867
1933 1870 1805 1868
1934 1871 1806 1869
1935 1872 1807 1870
1936 1873 1808 1871
1937 1874 1809 1872
1938 1875 1810 1873
1939 1876 1811 1874
1940 1877 1812 1875
1941 1878 1813 1876
1942 1879 1814 1877
1943 1880 1815 1878
1944 1881 1816 1879
1945 1882 1817 1880
1946 1883 1818 1881
1947 1884 1819 1882
1948 1885 1820 1883
1949 1886 1821 1884
1950 1887 1822 1885
1951 1888 1823 1886
1952 1889 1824 1887
1953 1890 1825 1888
1954 1891 1826 1889
1955 1892 1827 1890
1956 1893 1828 1891
1957 1894 1829 1892
1958 1895 1830 1893
1959 1896 1831 1894
1960 1897 1832 1895
1961 1898 1833 1896
1962 1899 1834 1897
1963 1900 1835 1898
1964 1901 1836 1899
1965 1902 1837 1900
1966 1903 1838 1901
1967 1904 1839 1902
1968 1905 1840 1903
1969 1906 1841 1904
1970 1907 1842 1905
1971 1908 1843 1906
1972 1909 1844 1907
1973 1910 1845 1908
1974 1911 1846 1909
1975 1912 1847 1910
1976 1913 1848 1911
1977 1914 1849 1912
1978 1915 1850 1913
1979 1916 1851 1914
1980 1917 1852 1915
1981 1918 1853 1916
1982 1919 1854 1917
1983 1920 1855 1918
1984 1856 1919
1985 1922 1857
1986 1923 1858 1921
1987 1924 1859 1922
1988 1925 1860 1923
1989 1926 1861 1924
1990 1927 1862 1925
1991 1928 1863 1926
1992 1929 1864 1927
1993 1930 1865 1928
1994 1931 1866 1929
1995 1932 1867 1930
1996 1933 1868 1931
1997 1934 1869 1932
1998 1935 1870 1933
1999 1936 1871 1934
2000 1937 1872 1935
2001 1938 1873 1936
2002 1939 1874 1937
2003 1940 1875 1938
2004 1941 1876 1939
2005 1942 1877 1940
2006 1943 1878 1941
2007 1944 1879 1942
2008 1945 1880 1943
2009 1946 1881 1944
2010 1947 1882 1945
2011 1948 1883 1946
2012 1949 1884 1947
2013 1950 1885 1948
2014 1951 1886 1949
2015 1952 1887 1950
2016 1953 1888 1951
2017 1954 1889 1952
2018 1955 1890 1953
2019 1956 1891 1954
2020 1957 1892 1955
2021 1958 1893 1956
2022 1959 1894 1957
2023 1960 1895 1958
2024 1961 1896 1959
2025 1962 1897 1960
2026 1963 1898 1961
2027 1964 1899 1962
2028 1965 1900 1963
2029 1966 1901 1964
2030 1967 1902 1965
2031 1968 1903 1966
2032 1969 1904 1967
2033 1970 1905 1968
2034 1971 1906 1969
2035 1972 1907 1970
2036 1973 1908 1971
2037 1974 1909 1972
2038 1975 1910 1973
2039 1976 1911 1974
2040 1977 1912 1975
2041 1978 1913 1976
2042 1979 1914 1977
2043 1980 1915 1978
2044 1981 1916 1979
2045 1982 1917 1980
2046 1983 1918 1981
2047 1984 1919 1982
2048 1920 1983
2049 1986 1921
2050 1987 1922 1985
2051 1988 1923 1986
2052 1989 1924 1987
2053 1990 1925 1988
2054 1991 1926 1989
2055 1992 1927 1990
2056 1993 1928 1991
2057 1994 1929 1992
2058 1995 1930 1993
2059 1996 1931 1994
2060 1997 1932 1995
2061 1998 1933 1996
2062 1999 1934 1997
2063 2000 1935 1998
2064 2001 1936 1999
2065 2002 1937 2000
2066 2003 1938 2001
2067 2004 1939 2002
2068 2005 1940 2003
2069 2006 1941 2004
2070 2007 1942 2005
2071 2008 1943 2006
2072 2009 1944 2007
2073 2010 1945 2008
2074 2011 1946 2009
2075 2012 1947 2010
2076 2013 1948 2011
2077 2014 1949 2012
2078 2015 1950 2013
2079 2016 1951 2014
2080 2017 1952 2015
2081 2018 1953 2016
2082 2019 1954 2017
2083 2020 1955 2018
2084 2021 1956 2019
2085 2022 1957 2020
2086 2023 1958 2021
2087 2024 1959 2022
2088 2025 1960 2023
2089 2026 1961 2024
2090 2027 1962 2025
2091 2028 1963 2026
2092 2029 1964 2027
2093 2030 1965 2028
2094 2031 1966 2029
2095 2032 1967 2030
2096 2033 1968 2031
2097 2034 1969 2032
2098 2035 1970 2033
2099 2036 1971 2034
2100 2037 1972 2035
2101 2038 1973 2036
2102 2039 1974 2037
2103 2040 1975 2038
2104 2041 1976 2039
2105 2042 1977 2040
2106 2043 1978 2041
2107 2044 1979 2042
2108 2045 1980 2043
2109 2046 1981 2044
2110 2047 1982 2045
2111 2048 1983 2046
2112 1984 2047
2113 2050 1985
2114 2051 1986 2049
2115 2052 1987 2050
2116 2053 1988 2051
2117 2054 1989 2052
2118 2055 1990 2053
2119 2056 1991 2054
2120 2057 1992 2055
2121 2058 1993 2056
2122 2059 1994 2057
2123 2060 1995 2058
2124 2061 1996 2059
2125 2062 1997 2060
2126 2063 1998 2061
2127 2064 1999 2062
2128 2065 2000 2063
2129 2066 2001 2064
2130 2067 2002 2065
2131 2068 2003 2066
2132 2069 2004 2067
2133 2070 2005 2068
2134 2071 2006 2069
2135 2072 2007 2070
2136 2073 2008 2071
2137 2074 2009 2072
2138 2075 2010 2073
2139 2076 2011 2074
2140 2077 2012 2075
2141 2078 2013 2076
2142 2079 2014 2077
2143 2080 2015 2078
2144 2081 2016 2079
2145 2082 2017 2080
2146 2083 2018 2081
2147 2084 2019 2082
2148 2085 2020 2083
2149 2086 2021 2084
2150 2087 2022 2085
2151 2088 2023 2086
2152 2089 2024 2087
2153 2090 2025 2088
2154 2091 2026 2089
2155 2092 2027 2090
2156 2093 2028 2091
2157 2094 2029 2092
2158 2095 2030 2093
2159 2096 2031 2094
2160 2097 2032 2095
2161 2098 2033 2096
2162 2099 2034 2097
2163 2100 2035 2098
2164 2101 2036 2099
2165 2102 2037 2100
2166 2103 2038 2101
2167 2104 2039 2102
2168 2105 2040 2103
2169 2106 2041 2104
2170 2107 2042 2105
2171 2108 2043 2106
2172 2109 2044 2107
2173 2110 2045 2108
2174 2111 2046 2109
2175 2112 2047 2110
2176 2048 2111
2177 2114 2049
2178 2115 2050 2113
2179 2116 2051 2114
2180 2117 2052 2115
2181 2118 2053 2116
2182 2119 2054 2117
2183 2120 2055 2118
2184 2121 2056 2119
2185 2122 2057 2120
2186 2123 2058 2121
2187 2124 2059 2122
2188 2125 2060 2123
2189 2126 2061 2124
2190 2127 2062 2125
2191 2128 2063 2126
2192 2129 2064 2127
2193 2130 2065 2128
2194 2131 2066 2129
2195 2132 2067 2130
2196 2133 2068 2131
2197 2134 2069 2132
2198 2135 2070 2133
2199 2136 2071 2134
2200 2137 2072 2135
2201 2138 2073 2136
2202 2139 2074 2137
2203 2140 2075 2138
2204 2141 2076 2139
2205 2142 2077 2140
2206 2143 2078 2141
2207 2144 2079 2142
2208 2145 2080 2143
2209 2146 2081 2144
2210 2147 2082 2145
2211 2148 2083 2146
2212 2149 2084 2147
2213 2150 2085 2148
2214 2151 2086 2149
2215 2152 2087 2150
2216 2153 2088 2151
2217 2154 2089 2152
2218 2155 2090 2153
2219 2156 2091 2154
2220 2157 2092 2155
2221 2158 2093 2156
2222 2159 2094 2157
2223 2160 2095 2158
2224 2161 2096 2159
2225 2162 2097 2160
2226 2163 2098 2161
2227 2164 2099 2162
2228 2165 2100 2163
2229 2166 2101 2164
2230 2167 2102 2165
2231 2168 2103 2166
2232 2169 2104 2167
2233 2170 2105 2168
2234 2171 2106 2169
2235 2172 2107 2170
2236 2173 2108 2171
2237 2174 2109 2172
2238 2175 2110 2173
2239 2176 2111 2174
2240 2112 2175
2241 2178 2113
2242 2179 2114 2177
2243 2180 2115 2178
2244 2181 2116 2179
2245 2182 2117 2180
2246 2183 2118 2181
2247 2184 2119 2182
2248 2185 2120 2183
2249 2186 2121 2184
2250 2187 2122 2185
2251 2188 2123 2186
2252 2189 2124 2187
2253 2190 2125 2188
2254 2191 2126 2189
2255 2192 2127 2190
2256 2193 2128 2191
2257 2194 2129 2192
2258 2195 2130 2193
2259 2196 2131 2194
2260 2197 2132 2195
2261 2198 2133 2196
2262 2199 2134 2197
2263 2200 2135 2198
2264 2201 2136 2199
2265 2202 2137 2200
2266 2203 2138 2201
2267 2204 2139 2202
2268 2205 2140 2203
2269 2206 2141 2204
2270 2207 2142 2205
2271 2208 2143 2206
2272 2209 2144 2207
2273 2210 2145 2208
2274 2211 2146 2209
2275 2212 2147 2210
2276 2213 2148 2211
2277 2214 2149 2212
2278 2215 2150 2213
2279 2216 2151 2214
2280 2217 2152 2215
2281 2218 2153 2216
2282 2219 2154 2217
2283 2220 2155 2218
2284 2221 2156 2219
2285 2222 2157 2220
2286 2223 2158 2221
2287 2224 2159 2222
2288 2225 2160 2223
2289 2226 2161 2224
2290 2227 2162 2225
2291 2228 2163 2226
2292 2229 2164 2227
2293 2230 2165 2228
2294 2231 2166 2229
2295 2232 2167 2230
2296 2233 2168 2231
2297 2234 2169 2232
2298 2235 2170 2233
2299 2236 2171 2234
2300 2237 2172 2235
2301 2238 2173 2236
2302 2239 2174 2237
2303 2240 2175 2238
2304 2176 2239
2305 2242 2177
2306 2243 2178 2241
2307 2244 2179 2242
2308 2245 2180 2243
2309 2246 2181 2244
2310 2247 2182 2245
2311 2248 2183 2246
2312 2249 2184 2247
2313 2250 2185 2248
2314 2251 2186 2249
2315 2252 2187 2250
2316 2253 2188 2251
2317 2254 2189 2252
2318 2255 2190 2253
2319 2256 2191 2254
2320 2257 2192 2255
2321 2258 2193 2256
2322 2259 2194 2257
2323 2260 2195 2258
2324 2261 2196 2259
2325 2262 2197 2260
2326 2263 2198 2261
2327 2264 2199 2262
2328 2265 2200 2263
2329 2266 2201 2264
2330 2267 2202 2265
2331 2268 2203 2266
2332 2269 2204 2267
2333 2270 2205 2268
2334 2271 2206 2269
2335 2272 2207 2270
2336 2273 2208 2271
2337 2274 2209 2272
2338 2275 2210 2273
2339 2276 2211 2274
2340 2277 2212 2275
2341 2278 2213 2276
2342 2279 2214 2277
2343 2280 2215 2278
2344 2281 2216 2279
2345 2282 2217 2280
2346 2283 2218 2281
2347 2284 2219 2282
2348 2285 2220 2283
2349 2286 2221 2284
2350 2287 2222 2285
2351 2288 2223 2286
2352 2289 2224 2287
2353 2290 2225 2288
2354 2291 2226 2289
2355 2292 2227 2290
2356 2293 2228 2291
2357 2294 2229 2292
2358 2295 2230 2293
2359 2296 2231 2294
2360 2297 2232 2295
2361 2298 2233 2296
2362 2299 2234 2297
2363 2300 2235 2298
2364 2301 2236 2299
2365 2302 2237 2300
2366 2303 2238 2301
2367 2304 2239 2302
2368 2240 2303
2369 2306 2241
2370 2307 2242 2305
2371 2308 2243 2306
2372 2309 2244 2307
2373 2310 2245 2308
2374 2311 2246 2309
2375 2312 2247 2310
2376 2313 2248 2311
2377 2314 2249 2312
2378 2315 2250 2313
2379 2316 2251 2314
2380 2317 2252 2315
2381 2318 2253 2316
2382 2319 2254 2317
2383 2320 2255 2318
2384 2321 2256 2319
2385 2322 2257 2320
2386 2323 2258 2321
2387 2324 2259 2322
2388 2325 2260 2323
2389 2326 2261 2324
2390 2327 2262 2325
2391 2328 2263 2326
2392 2329 2264 2327
2393 2330 2265 2328
2394 2331 2266 2329
2395 2332 2267 2330
2396 2333 2268 2331
2397 2334 2269 2332
2398 2335 2270 2333
2399 2336 2271 2334
2400 2337 2272 2335
2401 2338 2273 2336
2402 2339 2274 2337
2403 2340 2275 2338
2404 2341 2276 2339
2405 2342 2277 2340
2406 2343 2278 2341
2407 2344 2279 2342
2408 2345 2280 2343
2409 2346 2281 2344
2410 2347 2282 2345
2411 2348 2283 2346
2412 2349 2284 2347
2413 2350 2285 2348
2414 2351 2286 2349
2415 2352 2287 2350
2416 2353 2288 2351
2417 2354 2289 2352
2418 2355 2290 2353
2419 2356 2291 2354
2420 2357 2292 2355
2421 2358 2293 2356
2422 2359 2294 2357
2423 2360 2295 2358
2424 2361 2296 2359
2425 2362 2297 2360
2426 2363 2298 2361
2427 2364 2299 2362
2428 2365 2300 2363
2429 2366 2301 2364
2430 2367 2302 2365
2431 2368 2303 2366
2432 2304 2367
2433 2370 2305
2434 2371 2306 2369
2435 2372 2307 2370
2436 2373 2308 2371
2437 2374 2309 2372
2438 2375 2310 2373
2439 2376 2311 2374
2440 2377 2312 2375
2441 2378 2313 2376
2442 2379 2314 2377
2443 2380 2315 2378
2444 2381 2316 2379
2445 2382 2317 2380
2446 2383 2318 2381
2447 2384 2319 2382
2448 2385 2320 2383
2449 2386 2321 2384
2450 2387 2322 2385
2451 2388 2323 2386
2452 2389 2324 2387
2453 2390 2325 2388
2454 2391 2326 2389
2455 2392 2327 2390
2456 2393 2328 2391
2457 2394 2329 2392
2458 2395 2330 2393
2459 2396 2331 2394
2460 2397 2332 2395
2461 2398 2333 2396
2462 2399 2334 2397
2463 2400 2335 2398
2464 2401 2336 2399
2465 2402 2337 2400
2466 2403 2338 2401
2467 2404 2339 2402
2468 2405 2340 2403
2469 2406 2341 2404
2470 2407 2342 2405
2471 2408 2343 2406
2472 2409 2344 2407
2473 2410 2345 2408
2474 2411 2346 2409
2475 2412 2347 2410
2476 2413 2348 2411
2477 2414 2349 2412
2478 2415 2350 2413
2479 2416 2351 2414
2480 2417 2352 2415
2481 2418 2353 2416
2482 2419 2354 2417
2483 2420 2355 2418
2484 2421 2356 2419
2485 2422 2357 2420
2486 2423 2358 2421
2487 2424 2359 2422
2488 2425 2360 2423
2489 2426 2361 2424
2490 2427 2362 2425
2491 2428 2363 2426
2492 2429 2364 2427
2493 2430 2365 2428
2494 2431 2366 2429
2495 2432 2367 2430
2496 2368 2431
2497 2434 2369
2498 2435 2370 2433
2499 2436 2371 2434
2500 2437 2372 2435
2501 2438 2373 2436
2502 2439 2374 2437
2503 2440 2375 2438
2504 2441 2376 2439
2505 2442 2377 2440
2506 2443 2378 2441
2507 2444 2379 2442
2508 2445 2380 2443
2509 2446 2381 2444
2510 2447 2382 2445
2511 2448 2383 2446
2512 2449 2384 2447
2513 2450 2385 2448
2514 2451 2386 2449
2515 2452 2387 2450
2516 2453 2388 2451
2517 2454 2389 2452
2518 2455 2390 2453
2519 2456 2391 2454
2520 2457 2392 2455
2521 2458 2393 2456
2522 2459 2394 2457
2523 2460 2395 2458
2524 2461 2396 2459
2525 2462 2397 2460
2526 2463 2398 2461
2527 2464 2399 2462
2528 2465 2400 2463
2529 2466 2401 2464
2530 2467 2402 2465
2531 2468 2403 2466
2532 2469 2404 2467
2533 2470 2405 2468
2534 2471 2406 2469
2535 2472 2407 2470
2536 2473 2408 2471
2537 2474 2409 2472
2538 2475 2410 2473
2539 2476 2411 2474
2540 2477 2412 2475
2541 2478 2413 2476
2542 2479 2414 2477
2543 2480 2415 2478
2544 2481 2416 2479
2545 2482 2417 2480
2546 2483 2418 2481
2547 2484 2419 2482
2548 2485 2420 2483
2549 2486 2421 2484
2550 2487 2422 2485
2551 2488 2423 2486
2552 2489 2424 2487
2553 2490 2425 2488
2554 2491 2426 2489
2555 2492 2427 2490
2556 2493 2428 2491
2557 2494 2429 2492
2558 2495 2430 2493
2559 2496 2431 2494
2560 2432 2495
2561 2498 2433
2562 2499 2434 2497
2563 2500 2435 2498
2564 2501 2436 2499
2565 2502 2437 2500
2566 2503 2438 2501
2567 2504 2439 2502
2568 2505 2440 2503
2569 2506 2441 2504
2570 2507 2442 2505
2571 2508 2443 2506
2572 2509 2444 2507
2573 2510 2445 2508
2574 2511 2446 2509
2575 2512 2447 2510
2576 2513 2448 2511
2577 2514 2449 2512
2578 2515 2450 2513
2579 2516 2451 2514
2580 2517 2452 2515
2581 2518 2453 2516
2582 2519 2454 2517
2583 2520 2455 2518
2584 2521 2456 2519
2585 2522 2457 2520
2586 2523 2458 2521
2587 2524 2459 2522
2588 2525 2460 2523
2589 2526 2461 2524
2590 2527 2462 2525
2591 2528 2463 2526
2592 2529 2464 2527
2593 2530 2465 2528
2594 2531 2466 2529
2595 2532 2467 2530
2596 2533 2468 2531
2597 2534 2469 2532
2598 2535 2470 2533
2599 2536 2471 2534
2600 2537 2472 2535
2601 2538 2473 2536
2602 2539 2474 2537
2603 2540 2475 2538
2604 2541 2476 2539
2605 2542 2477 2540
2606 2543 2478 2541
2607 2544 2479 2542
2608 2545 2480 2543
2609 2546 2481 2544
2610 2547 2482 2545
2611 2548 2483 2546
2612 2549 2484 2547
2613 2550 2485 2548
2614 2551 2486 2549
2615 2552 2487 2550
2616 2553 2488 2551
2617 2554 2489 2552
2618 2555 2490 2553
2619 2556 2491 2554
2620 2557 2492 2555
2621 2558 2493 2556
2622 2559 2494 2557
2623 2560 2495 2558
2624 2496 2559
2625 2562 2497
2626 2563 2498 2561
2627 2564 2499 2562
2628 2565 2500 2563
2629 2566 2501 2564
2630 2567 2502 2565
2631 2568 2503 2566
2632 2569 2504 2567
2633 2570 2505 2568
2634 2571 2506 2569
2635 2572 2507 2570
2636 2573 2508 2571
2637 2574 2509 2572
2638 2575 2510 2573
2639 2576 2511 2574
2640 2577 2512 2575
2641 2578 2513 2576
2642 2579 2514 2577
2643 2580 2515 2578
2644 2581 2516 2579
2645 2582 2517 2580
2646 2583 2518 2581
2647 2584 2519 2582
2648 2585 2520 2583
2649 2586 2521 2584
2650 2587 2522 2585
2651 2588 2523 2586
2652 2589 2524 2587
2653 2590 2525 2588
2654 2591 2526 2589
2655 2592 2527 2590
2656 2593 2528 2591
2657 2594 2529 2592
2658 2595 2530 2593
2659 2596 2531 2594
2660 2597 2532 2595
2661 2598 2533 2596
2662 2599 2534 2597
2663 2600 2535 2598
2664 2601 2536 2599
2665 2602 2537 2600
2666 2603 2538 2601
2667 2604 2539 2602
2668 2605 2540 2603
2669 2606 2541 2604
2670 2607 2542 2605
2671 2608 2543 2606
2672 2609 2544 2607
2673 2610 2545 2608
2674 2611 2546 2609
2675 2612 2547 2610
2676 2613 2548 2611
2677 2614 2549 2612
2678 2615 2550 2613
2679 2616 2551 2614
2680 2617 2552 2615
2681 2618 2553 2616
2682 2619 2554 2617
2683 2620 2555 2618
2684 2621 2556 2619
2685 2622 2557 2620
2686 2623 2558 2621
2687 2624 2559 2622
2688 2560 2623
2689 2626 2561
2690 2627 2562 2625
2691 2628 2563 2626
2692 2629 2564 2627
2693 2630 2565 2628
2694 2631 2566 2629
2695 2632 2567 2630
2696 2633 2568 2631
2697 2634 2569 2632
2698 2635 2570 2633
2699 2636 2571 2634
2700 2637 2572 2635
2701 2638 2573 2636
2702 2639 2574 2637
2703 2640 2575 2638
2704 2641 2576 2639
2705 2642 2577 2640
2706 2643 2578 2641
2707 2644 2579 2642
2708 2645 2580 2643
2709 2646 2581 2644
2710 2647 2582 2645
2711 2648 2583 2646
2712 2649 2584 2647
2713 2650 2585 2648
2714 2651 2586 2649
2715 2652 2587 2650
2716 2653 2588 2651
2717 2654 2589 2652
2718 2655 2590 2653
2719 2656 2591 2654
2720 2657 2592 2655
2721 2658 2593 2656
2722 2659 2594 2657
2723 2660 2595 2658
2724 2661 2596 2659
2725 2662 2597 2660
2726 2663 2598 2661
2727 2664 2599 2662
2728 2665 2600 2663
2729 2666 2601 2664
2730 2667 2602 2665
2731 2668 2603 2666
2732 2669 2604 2667
2733 2670 2605 2668
2734 2671 2606 2669
2735 2672 2607 2670
2736 2673 2608 2671
2737 2674 2609 2672
2738 2675 2610 2673
2739 2676 2611 2674
2740 2677 2612 2675
2741 2678 2613 2676
2742 2679 2614 2677
2743 2680 2615 2678
2744 2681 2616 2679
2745 2682 2617 2680
2746 2683 2618 2681
2747 2684 2619 2682
2748 2685 2620 2683
2749 2686 2621 2684
2750 2687 2622 2685
2751 2688 2623 2686
2752 2624 2687
2753 2690 2625
2754 2691 2626 2689
2755 2692 2627 2690
2756 2693 2628 2691
2757 2694 2629 2692
2758 2695 2630 2693
2759 2696 2631 2694
2760 2697 2632 2695
2761 2698 2633 2696
2762 2699 2634 2697
2763 2700 2635 2698
2764 2701 2636 2699
2765 2702 2637 2700
2766 2703 2638 2701
2767 2704 2639 2702
2768 2705 2640 2703
2769 2706 2641 2704
2770 2707 2642 2705
2771 2708 2643 2706
2772 2709 2644 2707
2773 2710 2645 2708
2774 2711 2646 2709
2775 2712 2647 2710
2776 2713 2648 2711
2777 2714 2649 2712
2778 2715 2650 2713
2779 2716 2651 2714
2780 2717 2652 2715
2781 2718 2653 2716
2782 2719 2654 2717
2783 2720 2655 2718
2784 2721 2656 2719
2785 2722 2657 2720
2786 2723 2658 2721
2787 2724 2659 2722
2788 2725 2660 2723
2789 2726 2661 2724
2790 2727 2662 2725
2791 2728 2663 2726
2792 2729 2664 2727
2793 2730 2665 2728
2794 2731 2666 2729
2795 2732 2667 2730
2796 2733 2668 2731
2797 2734 2669 2732
2798 2735 2670 2733
2799 2736 2671 2734
2800 2737 2672 2735
2801 2738 2673 2736
2802 2739 2674 2737
2803 2740 2675 2738
2804 2741 2676 2739
2805 2742 2677 2740
2806 2743 2678 2741
2807 2744 2679 2742
2808 2745 2680 2743
2809 2746 2681 2744
2810 2747 2682 2745
2811 2748 2683 2746
2812 2749 2684 2747
2813 2750 2685 2748
2814 2751 2686 2749
2815 2752 2687 2750
2816 2688 2751
2817 2754 2689
2818 2755 2690 2753
2819 2756 2691 2754
2820 2757 2692 2755
2821 2758 2693 2756
2822 2759 2694 2757
2823 2760 2695 2758
2824 2761 2696 2759
2825 2762 2697 2760
2826 2763 2698 2761
2827 2764 2699 2762
2828 2765 2700 2763
2829 2766 2701 2764
2830 2767 2702 2765
2831 2768 2703 2766
2832 2769 2704 2767
2833 2770 2705 2768
2834 2771 2706 2769
2835 2772 2707 2770
2836 2773 2708 2771
2837 2774 2709 2772
2838 2775 2710 2773
2839 2776 2711 2774
2840 2777 2712 2775
2841 2778 2713 2776
2842 2779 2714 2777
2843 2780 2715 2778
2844 2781 2716 2779
2845 2782 2717 2780
2846 2783 2718 2781
2847 2784 2719 2782
2848 2785 2720 2783
2849 2786 2721 2784
2850 2787 2722 2785
2851 2788 2723 2786
2852 2789 2724 2787
2853 2790 2725 2788
2854 2791 2726 2789
2855 2792 2727 2790
2856 2793 2728 2791
2857 2794 2729 2792
2858 2795 2730 2793
2859 2796 2731 2794
2860 2797 2732 2795
2861 2798 2733 2796
2862 2799 2734 2797
2863 2800 2735 2798
2864 2801 2736 2799
2865 2802 2737 2800
2866 2803 2738 2801
2867 2804 2739 2802
2868 2805 2740 2803
2869 2806 2741 2804
2870 2807 2742 2805
2871 2808 2743 2806
2872 2809 2744 2807
2873 2810 2745 2808
2874 2811 2746 2809
2875 2812 2747 2810
2876 2813 2748 2811
2877 2814 2749 2812
2878 2815 2750 2813
2879 2816 2751 2814
2880 2752 2815
2881 2818 2753
2882 2819 2754 2817
2883 2820 2755 2818
2884 2821 2756 2819
2885 2822 2757 2820
2886 2823 2758 2821
2887 2824 2759 2822
2888 2825 2760 2823
2889 2826 2761 2824
2890 2827 2762 2825
2891 2828 2763 2826
2892 2829 2764 2827
2893 2830 2765 2828
2894 2831 2766 2829
2895 2832 2767 2830
2896 2833 2768 2831
2897 2834 2769 2832
2898 2835 2770 2833
2899 2836 2771 2834
2900 2837 2772 2835
2901 2838 2773 2836
2902 2839 2774 2837
2903 2840 2775 2838
2904 2841 2776 2839
2905 2842 2777 2840
2906 2843 2778 2841
2907 2844 2779 2842
2908 2845 2780 2843
2909 2846 2781 2844
2910 2847 2782 2845
2911 2848 2783 2846
2912 2849 2784 2847
2913 2850 2785 2848
2914 2851 2786 2849
2915 2852 2787 2850
2916 2853 2788 2851
2917 2854 2789 2852
2918 2855 2790 2853
2919 2856 2791 2854
2920 2857 2792 2855
2921 2858 2793 2856
2922 2859 2794 2857
2923 2860 2795 2858
2924 2861 2796 2859
2925 2862 2797 2860
2926 2863 2798 2861
2927 2864 2799 2862
2928 2865 2800 2863
2929 2866 2801 2864
2930 2867 2802 2865
2931 2868 2803 2866
2932 2869 2804 2867
2933 2870 2805 2868
2934 2871 2806 2869
2935 2872 2807 2870
2936 2873 2808 2871
2937 2874 2809 2872
2938 2875 2810 2873
2939 2876 2811 2874
2940 2877 2812 2875
2941 2878 2813 2876
2942 2879 2814 2877
2943 2880 2815 2878
2944 2816 2879
2945 2882 2817
2946 2883 2818 2881
2947 2884 2819 2882
2948 2885 2820 2883
2949 2886 2821 2884
2950 2887 2822 2885
2951 2888 2823 2886
2952 2889 2824 2887
2953 2890 2825 2888
2954 2891 2826 2889
2955 2892 2827 2890
2956 2893 2828 2891
2957 2894 2829 2892
2958 2895 2830 2893
2959 2896 2831 2894
2960 2897 2832 2895
2961 2898 2833 2896
2962 2899 2834 2897
2963 2900 2835 2898
2964 2901 2836 2899
2965 2902 2837 2900
2966 2903 2838 2901
2967 2904 2839 2902
2968 2905 2840 2903
2969 2906 2841 2904
2970 2907 2842 2905
2971 2908 2843 2906
2972 2909 2844 2907
2973 2910 2845 2908
2974 2911 2846 2909
2975 2912 2847 2910
2976 2913 2848 2911
2977 2914 2849 2912
2978 2915 2850 2913
2979 2916 2851 2914
2980 2917 2852 2915
2981 2918 2853 2916
2982 2919 2854 2917
2983 2920 2855 2918
2984 2921 2856 2919
2985 2922 2857 2920
2986 2923 2858 2921
2987 2924 2859 2922
2988 2925 2860 2923
2989 2926 2861 2924
2990 2927 2862 2925
2991 2928 2863 2926
2992 2929 2864 2927
2993 2930 2865 2928
2994 2931 2866 2929
2995 2932 2867 2930
2996 2933 2868 2931
2997 2934 2869 2932
2998 2935 2870 2933
2999 2936 2871 2934
3000 2937 2872 2935
3001 2938 2873 2936
3002 2939 2874 2937
3003 2940 2875 2938
3004 2941 2876 2939
3005 2942 2877 2940
3006 2943 2878 2941
3007 2944 2879 2942
3008 2880 2943
3009 2946 2881
3010 2947 2882 2945
3011 2948 2883 2946
3012 2949 2884 2947
3013 2950 2885 2948
3014 2951 2886 2949
3015 2952 2887 2950
3016 2953 2888 2951
3017 2954 2889 2952
3018 2955 2890 2953
3019 2956 2891 2954
3020 2957 2892 2955
3021 2958 2893 2956
3022 2959 2894 2957
3023 2960 2895 2958
3024 2961 2896 2959
3025 2962 2897 2960
3026 2963 2898 2961
3027 2964 2899 2962
3028 2965 2900 2963
3029 2966 2901 2964
3030 2967 2902 2965
3031 2968 2903 2966
3032 2969 2904 2967
3033 2970 2905 2968
3034 2971 2906 2969
3035 2972 2907 2970
3036 2973 2908 2971
3037 2974 2909 2972
3038 2975 2910 2973
3039 2976 2911 2974
3040 2977 2912 2975
3041 2978 2913 2976
3042 2979 2914 2977
3043 2980 2915 2978
3044 2981 2916 2979
3045 2982 2917 2980
3046 2983 2918 2981
3047 2984 2919 2982
3048 2985 2920 2983
3049 2986 2921 2984
3050 2987 2922 2985
3051 2988 2923 2986
3052 2989 2924 2987
3053 2990 2925 2988
3054 2991 2926 2989
3055 2992 2927 2990
3056 2993 2928 2991
3057 2994 2929 2992
3058 2995 2930 2993
3059 2996 2931 2994
3060 2997 2932 2995
3061 2998 2933 2996
3062 2999 2934 2997
3063 3000 2935 2998
3064 3001 2936 2999
3065 3002 2937 3000
3066 3003 2938 3001
3067 3004 2939 3002
3068 3005 2940 3003
3069 3006 2941 3004
3070 3007 2942 3005
3071 3008 2943 3006
3072 2944 3007
3073 3010 2945
3074 3011 2946 3009
3075 3012 2947 3010
3076 3013 2948 3011
3077 3014 2949 3012
3078 3015 2950 3013
3079 3016 2951 3014
3080 3017 2952 3015
3081 3018 2953 3016
3082 3019 2954 3017
3083 3020 2955 3018
3084 3021 2956 3019
3085 3022 2957 3020
3086 3023 2958 3021
3087 3024 2959 3022
3088 3025 2960 3023
3089 3026 2961 3024
3090 3027 2962 3025
3091 3028 2963 3026
3092 3029 2964 3027
3093 3030 2965 3028
3094 3031 2966 3029
3095 3032 2967 3030
3096 3033 2968 3031
3097 3034 2969 3032
3098 3035 2970 3033
3099 3036 2971 3034
3100 3037 2972 3035
3101 3038 2973 3036
3102 3039 2974 3037
3103 3040 2975 3038
3104 3041 2976 3039
3105 3042 2977 3040
3106 3043 2978 3041
3107 3044 2979 3042
3108 3045 2980 3043
3109 3046 2981 3044
3110 3047 2982 3045
3111 3048 2983 3046
3112 3049 2984 3047
3113 3050 2985 3048
3114 3051 2986 3049
3115 3052 2987 3050
3116 3053 2988 3051
3117 3054 2989 3052
3118 3055 2990 3053
3119 3056 2991 3054
3120 3057 2992 3055
3121 3058 2993 3056
3122 3059 2994 3057
3123 3060 2995 3058
3124 3061 2996 3059
3125 3062 2997 3060
3126 3063 2998 3061
3127 3064 2999 3062
3128 3065 3000 3063
3129 3066 3001 3064
3130 3067 3002 3065
3131 3068 3003 3066
3132 3069 3004 3067
3133 3070 3005 3068
3134 3071 3006 3069
3135 3072 3007 3070
3136 3008 3071
3137 3074 3009
3138 3075 3010 3073
3139 3076 3011 3074
3140 3077 3012 3075
3141 3078 3013 3076
3142 3079 3014 3077
3143 3080 3015 3078
3144 3081 3016 3079
3145 3082 3017 3080
3146 3083 3018 3081
3147 3084 3019 3082
3148 3085 3020 3083
3149 3086 3021 3084
3150 3087 3022 3085
3151 3088 3023 3086
3152 3089 3024 3087
3153 3090 3025 3088
3154 3091 3026 3089
3155 3092 3027 3090
3156 3093 3028 3091
3157 3094 3029 3092
3158 3095 3030 3093
3159 3096 3031 3094
3160 3097 3032 3095
3161 3098 3033 3096
3162 3099 3034 3097
3163 3100 3035 3098
3164 3101 3036 3099
3165 3102 3037 3100
3166 3103 3038 3101
3167 3104 3039 3102
3168 3105 3040 3103
3169 3106 3041 3104
3170 3107 3042 3105
3171 3108 3043 3106
3172 3109 3044 3107
3173 3110 3045 3108
3174 3111 3046 3109
3175 3112 3047 3110
3176 3113 3048 3111
3177 3114 3049 3112
3178 3115 3050 3113
3179 3116 3051 3114
3180 3117 3052 3115
3181 3118 3053 3116
3182 3119 3054 3117
3183 3120 3055 3118
3184 3121 3056 3119
3185 3122 3057 3120
3186 3123 3058 3121
3187 3124 3059 3122
3188 3125 3060 3123
3189 3126 3061 3124
3190 3127 3062 3125
3191 3128 3063 3126
3192 3129 3064 3127
3193 3130 3065 3128
3194 3131 3066 3129
3195 3132 3067 3130
3196 3133 3068 3131
3197 3134 3069 3132
3198 3135 3070 3133
3199 3136 3071 3134
3200 3072 3135
3201 3138 3073
3202 3139 3074 3137
3203 3140 3075 3138
3204 3141 3076 3139
3205 3142 3077 3140
3206 3143 3078 3141
3207 3144 3079 3142
3208 3145 3080 3143
3209 3146 3081 3144
3210 3147 3082 3145
3211 3148 3083 3146
3212 3149 3084 3147
3213 3150 3085 3148
3214 3151 3086 3149
3215 3152 3087 3150
3216 3153 3088 3151
3217 3154 3089 3152
3218 3155 3090 3153
3219 3156 3091 3154
3220 3157 3092 3155
3221 3158 3093 3156
3222 3159 3094 3157
3223 3160 3095 3158
3224 3161 3096 3159
3225 3162 3097 3160
3226 3163 3098 3161
3227 3164 3099 3162
3228 3165 3100 3163
3229 3166 3101 3164
3230 3167 3102 3165
3231 3168 3103 3166
3232 3169 3104 3167
3233 3170 3105 3168
3234 3171 3106 3169
3235 3172 3107 3170
3236 3173 3108 3171
3237 3174 3109 3172
3238 3175 3110 3173
3239 3176 3111 3174
3240 3177 3112 3175
3241 3178 3113 3176
3242 3179 3114 3177
3243 3180 3115 3178
3244 3181 3116 3179
3245 3182 3117 3180
3246 3183 3118 3181
3247 3184 3119 3182
3248 3185 3120 3183
3249 3186 3121 3184
3250 3187 3122 3185
3251 3188 3123 3186
3252 3189 3124 3187
3253 3190 3125 3188
3254 3191 3126 3189
3255 3192 3127 3190
3256 3193 3128 3191
3257 3194 3129 3192
3258 3195 3130 3193
3259 3196 3131 3194
3260 3197 3132 3195
3261 3198 3133 3196
3262 3199 3134 3197
3263 3200 3135 3198
3264 3136 3199
3265 3202 3137
3266 3203 3138 3201
3267 3204 3139 3202
3268 3205 3140 3203
3269 3206 3141 3204
3270 3207 3142 3205
3271 3208 3143 3206
3272 3209 3144 3207
3273 3210 3145 3208
3274 3211 3146 3209
3275 3212 3147 3210
3276 3213 3148 3211
3277 3214 3149 3212
3278 3215 3150 3213
3279 3216 3151 3214
3280 3217 3152 3215
3281 3218 3153 3216
3282 3219 3154 3217
3283 3220 3155 3218
3284 3221 3156 3219
3285 3222 3157 3220
3286 3223 3158 3221
3287 3224 3159 3222
3288 3225 3160 3223
3289 3226 3161 3224
3290 3227 3162 3225
3291 3228 3163 3226
3292 3229 3164 3227
3293 3230 3165 3228
3294 3231 3166 3229
3295 3232 3167 3230
3296 3233 3168 3231
3297 3234 3169 3232
3298 3235 3170 3233
3299 3236 3171 3234
3300 3237 3172 3235
3301 3238 3173 3236
3302 3239 3174 3237
3303 3240 3175 3238
3304 3241 3176 3239
3305 3242 3177 3240
3306 3243 3178 3241
3307 3244 3179 3242
3308 3245 3180 3243
3309 3246 3181 3244
3310 3247 3182 3245
3311 3248 3183 3246
3312 3249 3184 3247
3313 3250 3185 3248
3314 3251 3186 3249
3315 3252 3187 3250
3316 3253 3188 3251
3317 3254 3189 3252
3318 3255 3190 3253
3319 3256 3191 3254
3320 3257 3192 3255
3321 3258 3193 3256
3322 3259 3194 3257
3323 3260 3195 3258
3324 3261 3196 3259
3325 3262 3197 3260
3326 3263 3198 3261
3327 3264 3199 3262
3328 3200 3263
3329 3266 3201
3330 3267 3202 3265
3331 3268 3203 3266
3332 3269 3204 3267
3333 3270 3205 3268
3334 3271 3206 3269
3335 3272 3207 3270
3336 3273 3208 3271
3337 3274 3209 3272
3338 3275 3210 3273
3339 3276 3211 3274
3340 3277 3212 3275
3341 3278 3213 3276
3342 3279 3214 3277
3343 3280 3215 3278
3344 3281 3216 3279
3345 3282 3217 3280
3346 3283 3218 3281
3347 3284 3219 3282
3348 3285 3220 3283
3349 3286 3221 3284
3350 3287 3222 3285
3351 3288 3223 3286
3352 3289 3224 3287
3353 3290 3225 3288
3354 3291 3226 3289
3355 3292 3227 3290
3356 3293 3228 3291
3357 3294 3229 3292
3358 3295 3230 3293
3359 3296 3231 3294
3360 3297 3232 3295
3361 3298 3233 3296
3362 3299 3234 3297
3363 3300 3235 3298
3364 3301 3236 3299
3365 3302 3237 3300
3366 3303 3238 3301
3367 3304 3239 3302
3368 3305 3240 3303
3369 3306 3241 3304
3370 3307 3242 3305
3371 3308 3243 3306
3372 3309 3244 3307
3373 3310 3245 3308
3374 3311 3246 3309
3375 3312 3247 3310
3376 3313 3248 3311
3377 3314 3249 3312
3378 3315 3250 3313
3379 3316 3251 3314
3380 3317 3252 3315
3381 3318 3253 3316
3382 3319 3254 3317
3383 3320 3255 3318
3384 3321 3256 3319
3385 3322 3257 3320
3386 3323 3258 3321
3387 3324 3259 3322
3388 3325 3260 3323
3389 3326 3261 3324
3390 3327 3262 3325
3391 3328 3263 3326
3392 3264 3327
3393 3330 3265
3394 3331 3266 3329
3395 3332 3267 3330
3396 3333 3268 3331
3397 3334 3269 3332
3398 3335 3270 3333
3399 3336 3271 3334
3400 3337 3272 3335
3401 3338 3273 3336
3402 3339 3274 3337
3403 3340 3275 3338
3404 3341 3276 3339
3405 3342 3277 3340
3406 3343 3278 3341
3407 3344 3279 3342
3408 3345 3280 3343
3409 3346 3281 3344
3410 3347 3282 3345
3411 3348 3283 3346
3412 3349 3284 3347
3413 3350 3285 3348
3414 3351 3286 3349
3415 3352 3287 3350
3416 3353 3288 3351
3417 3354 3289 3352
3418 3355 3290 3353
3419 3356 3291 3354
3420 3357 3292 3355
3421 3358 3293 3356
3422 3359 3294 3357
3423 3360 3295 3358
3424 3361 3296 3359
3425 3362 3297 3360
3426 3363 3298 3361
3427 3364 3299 3362
3428 3365 3300 3363
3429 3366 3301 3364
3430 3367 3302 3365
3431 3368 3303 3366
3432 3369 3304 3367
3433 3370 3305 3368
3434 3371 3306 3369
3435 3372 3307 3370
3436 3373 3308 3371
3437 3374 3309 3372
3438 3375 3310 3373
3439 3376 3311 3374
3440 3377 3312 3375
3441 3378 3313 3376
3442 3379 3314 3377
3443 3380 3315 3378
3444 3381 3316 3379
3445 3382 3317 3380
3446 3383 3318 3381
3447 3384 3319 3382
3448 3385 3320 3383
3449 3386 3321 3384
3450 3387 3322 3385
3451 3388 3323 3386
3452 3389 3324 3387
3453 3390 3325 3388
3454 3391 3326 3389
3455 3392 3327 3390
3456 3328 3391
3457 3394 3329
3458 3395 3330 3393
3459 3396 3331 3394
3460 3397 3332 3395
3461 3398 3333 3396
3462 3399 3334 3397
3463 3400 3335 3398
3464 3401 3336 3399
3465 3402 3337 3400
3466 3403 3338 3401
3467 3404 3339 3402
3468 3405 3340 3403
3469 3406 3341 3404
3470 3407 3342 3405
3471 3408 3343 3406
3472 3409 3344 3407
3473 3410 3345 3408
3474 3411 3346 3409
3475 3412 3347 3410
3476 3413 3348 3411
3477 3414 3349 3412
3478 3415 3350 3413
3479 3416 3351 3414
3480 3417 3352 3415
3481 3418 3353 3416
3482 3419 3354 3417
3483 3420 3355 3418
3484 3421 3356 3419
3485 3422 3357 3420
3486 3423 3358 3421
3487 3424 3359 3422
3488 3425 3360 3423
3489 3426 3361 3424
3490 3427 3362 3425
3491 3428 3363 3426
3492 3429 3364 3427
3493 3430 3365 3428
3494 3431 3366 3429
3495 3432 3367 3430
3496 3433 3368 3431
3497 3434 3369 3432
3498 3435 3370 3433
3499 3436 3371 3434
3500 3437 3372 3435
3501 3438 3373 3436
3502 3439 3374 3437
3503 3440 3375 3438
3504 3441 3376 3439
3505 3442 3377 3440
3506 3443 3378 3441
3507 3444 3379 3442
3508 3445 3380 3443
3509 3446 3381 3444
3510 3447 3382 3445
3511 3448 3383 3446
3512 3449 3384 3447
3513 3450 3385 3448
3514 3451 3386 3449
3515 3452 3387 3450
3516 3453 3388 3451
3517 3454 3389 3452
3518 3455 3390 3453
3519 3456 3391 3454
3520 3392 3455
3521 3458 3393
3522 3459 3394 3457
3523 3460 3395 3458
3524 3461 3396 3459
3525 3462 3397 3460
3526 3463 3398 3461
3527 3464 3399 3462
3528 3465 3400 3463
3529 3466 3401 3464
3530 3467 3402 3465
3531 3468 3403 3466
3532 3469 3404 3467
3533 3470 3405 3468
3534 3471 3406 3469
3535 3472 3407 3470
3536 3473 3408 3471
3537 3474 3409 3472
3538 3475 3410 3473
3539 3476 3411 3474
3540 3477 3412 3475
3541 3478 3413 3476
3542 3479 3414 3477
3543 3480 3415 3478
3544 3481 3416 3479
3545 3482 3417 3480
3546 3483 3418 3481
3547 3484 3419 3482
3548 3485 3420 3483
3549 3486 3421 3484
3550 3487 3422 3485
3551 3488 3423 3486
3552 3489 3424 3487
3553 3490 3425 3488
3554 3491 3426 3489
3555 3492 3427 3490
3556 3493 3428 3491
3557 3494 3429 3492
3558 3495 3430 3493
3559 3496 3431 3494
3560 3497 3432 3495
3561 3498 3433 3496
3562 3499 3434 3497
3563 3500 3435 3498
3564 3501 3436 3499
3565 3502 3437 3500
3566 3503 3438 3501
3567 3504 3439 3502
3568 3505 3440 3503
3569 3506 3441 3504
3570 3507 3442 3505
3571 3508 3443 3506
3572 3509 3444 3507
3573 3510 3445 3508
3574 3511 3446 3509
3575 3512 3447 3510
3576 3513 3448 3511
3577 3514 3449 3512
3578 3515 3450 3513
3579 3516 3451 3514
3580 3517 3452 3515
3581 3518 3453 3516
3582 3519 3454 3517
3583 3520 3455 3518
3584 3456 3519
3585 3522 3457
3586 3523 3458 3521
3587 3524 3459 3522
3588 3525 3460 3523
3589 3526 3461 3524
3590 3527 3462 3525
3591 3528 3463 3526
3592 3529 3464 3527
3593 3530 3465 3528
3594 3531 3466 3529
3595 3532 3467 3530
3596 3533 3468 3531
3597 3534 3469 3532
3598 3535 3470 3533
3599 3536 3471 3534
3600 3537 3472 3535
3601 3538 3473 3536
3602 3539 3474 3537
3603 3540 3475 3538
3604 3541 3476 3539
3605 3542 3477 3540
3606 3543 3478 3541
3607 3544 3479 3542
3608 3545 3480 3543
3609 3546 3481 3544
3610 3547 3482 3545
3611 3548 3483 3546
3612 3549 3484 3547
3613 3550 3485 3548
3614 3551 3486 3549
3615 3552 3487 3550
3616 3553 3488 3551
3617 3554 3489 3552
3618 3555 3490 3553
3619 3556 3491 3554
3620 3557 3492 3555
3621 3558 3493 3556
3622 3559 3494 3557
3623 3560 3495 3558
3624 3561 3496 3559
3625 3562 3497 3560
3626 3563 3498 3561
3627 3564 3499 3562
3628 3565 3500 3563
3629 3566 3501 3564
3630 3567 3502 3565
3631 3568 3503 3566
3632 3569 3504 3567
3633 3570 3505 3568
3634 3571 3506 3569
3635 3572 3507 3570
3636 3573 3508 3571
3637 3574 3509 3572
3638 3575 3510 3573
3639 3576 3511 3574
3640 3577 3512 3575
3641 3578 3513 3576
3642 3579 3514 3577
3643 3580 3515 3578
3644 3581 3516 3579
3645 3582 3517 3580
3646 3583 3518 3581
3647 3584 3519 3582
3648 3520 3583
3649 3586 3521
3650 3587 3522 3585
3651 3588 3523 3586
3652 3589 3524 3587
3653 3590 3525 3588
3654 3591 3526 3589
3655 3592 3527 3590
3656 3593 3528 3591
3657 3594 3529 3592
3658 3595 3530 3593
3659 3596 3531 3594
3660 3597 3532 3595
3661 3598 3533 3596
3662 3599 3534 3597
3663 3600 3535 3598
3664 3601 3536 3599
3665 3602 3537 3600
3666 3603 3538 3601
3667 3604 3539 3602
3668 3605 3540 3603
3669 3606 3541 3604
3670 3607 3542 3605
3671 3608 3543 3606
3672 3609 3544 3607
3673 3610 3545 3608
3674 3611 3546 3609
3675 3612 3547 3610
3676 3613 3548 3611
3677 3614 3549 3612
3678 3615 3550 3613
3679 3616 3551 3614
3680 3617 3552 3615
3681 3618 3553 3616
3682 3619 3554 3617
3683 3620 3555 3618
3684 3621 3556 3619
3685 3622 3557 3620
3686 3623 3558 3621
3687 3624 3559 3622
3688 3625 3560 3623
3689 3626 3561 3624
3690 3627 3562 3625
3691 3628 3563 3626
3692 3629 3564 3627
3693 3630 3565 3628
3694 3631 3566 3629
3695 3632 3567 3630
3696 3633 3568 3631
3697 3634 3569 3632
3698 3635 3570 3633
3699 3636 3571 3634
3700 3637 3572 3635
3701 3638 3573 3636
3702 3639 3574 3637
3703 3640 3575 3638
3704 3641 3576 3639
3705 3642 3577 3640
3706 3643 3578 3641
3707 3644 3579 3642
3708 3645 3580 3643
3709 3646 3581 3644
3710 3647 3582 3645
3711 3648 3583 3646
3712 3584 3647
3713 3650 3585
3714 3651 3586 3649
3715 3652 3587 3650
3716 3653 3588 3651
3717 3654 3589 3652
3718 3655 3590 3653
3719 3656 3591 3654
3720 3657 3592 3655
3721 3658 3593 3656
3722 3659 3594 3657
3723 3660 3595 3658
3724 3661 3596 3659
3725 3662 3597 3660
3726 3663 3598 3661
3727 3664 3599 3662
3728 3665 3600 3663
3729 3666 3601 3664
3730 3667 3602 3665
3731 3668 3603 3666
3732 3669 3604 3667
3733 3670 3605 3668
3734 3671 3606 3669
3735 3672 3607 3670
3736 3673 3608 3671
3737 3674 3609 3672
3738 3675 3610 3673
3739 3676 3611 3674
3740 3677 3612 3675
3741 3678 3613 3676
3742 3679 3614 3677
3743 3680 3615 3678
3744 3681 3616 3679
3745 3682 3617 3680
3746 3683 3618 3681
3747 3684 3619 3682
3748 3685 3620 3683
3749 3686 3621 3684
3750 3687 3622 3685
3751 3688 3623 3686
3752 3689 3624 3687
3753 3690 3625 3688
3754 3691 3626 3689
3755 3692 3627 3690
3756 3693 3628 3691
3757 3694 3629 3692
3758 3695 3630 3693
3759 3696 3631 3694
3760 3697 3632 3695
3761 3698 3633 3696
3762 3699 3634 3697
3763 3700 3635 3698
3764 3701 3636 3699
3765 3702 3637 3700
3766 3703 3638 3701
3767 3704 3639 3702
3768 3705 3640 3703
3769 3706 3641 3704
3770 3707 3642 3705
3771 3708 3643 3706
3772 3709 3644 3707
3773 3710 3645 3708
3774 3711 3646 3709
3775 3712 3647 3710
3776 3648 3711
3777 3714 3649
3778 3715 3650 3713
3779 3716 3651 3714
3780 3717 3652 3715
3781 3718 3653 3716
3782 3719 3654 3717
3783 3720 3655 3718
3784 3721 3656 3719
3785 3722 3657 3720
3786 3723 3658 3721
3787 3724 3659 3722
3788 3725 3660 3723
3789 3726 3661 3724
3790 3727 3662 3725
3791 3728 3663 3726
3792 3729 3664 3727
3793 3730 3665 3728
3794 3731 3666 3729
3795 3732 3667 3730
3796 3733 3668 3731
3797 3734 3669 3732
3798 3735 3670 3733
3799 3736 3671 3734
3800 3737 3672 3735
3801 3738 3673 3736
3802 3739 3674 3737
3803 3740 3675 3738
3804 3741 3676 3739
3805 3742 3677 3740
3806 3743 3678 3741
3807 3744 3679 3742
3808 3745 3680 3743
3809 3746 3681 3744
3810 3747 3682 3745
3811 3748 3683 3746
3812 3749 3684 3747
3813 3750 3685 3748
3814 3751 3686 3749
3815 3752 3687 3750
3816 3753 3688 3751
3817 3754 3689 3752
3818 3755 3690 3753
3819 3756 3691 3754
3820 3757 3692 3755
3821 3758 3693 3756
3822 3759 3694 3757
3823 3760 3695 3758
3824 3761 3696 3759
3825 3762 3697 3760
3826 3763 3698 3761
3827 3764 3699 3762
3828 3765 3700 3763
3829 3766 3701 3764
3830 3767 3702 3765
3831 3768 3703 3766
3832 3769 3704 3767
3833 3770 3705 3768
3834 3771 3706 3769
3835 3772 3707 3770
3836 3773 3708 3771
3837 3774 3709 3772
3838 3775 3710 3773
3839 3776 3711 3774
3840 3712 3775
3841 3778 3713
3842 3779 3714 3777
3843 3780 3715 3778
3844 3781 3716 3779
3845 3782 3717 3780
3846 3783 3718 3781
3847 3784 3719 3782
3848 3785 3720 3783
3849 3786 3721 3784
3850 3787 3722 3785
3851 3788 3723 3786
3852 3789 3724 3787
3853 3790 3725 3788
3854 3791 3726 3789
3855 3792 3727 3790
3856 3793 3728 3791
3857 3794 3729 3792
3858 3795 3730 3793
3859 3796 3731 3794
3860 3797 3732 3795
3861 3798 3733 3796
3862 3799 3734 3797
3863 3800 3735 3798
3864 3801 3736 3799
3865 3802 3737 3800
3866 3803 3738 3801
3867 3804 3739 3802
3868 3805 3740 3803
3869 3806 3741 3804
3870 3807 3742 3805
3871 3808 3743 3806
3872 3809 3744 3807
3873 3810 3745 3808
3874 3811 3746 3809
3875 3812 3747 3810
3876 3813 3748 3811
3877 3814 3749 3812
3878 3815 3750 3813
3879 3816 3751 3814
3880 3817 3752 3815
3881 3818 3753 3816
3882 3819 3754 3817
3883 3820 3755 3818
3884 3821 3756 3819
3885 3822 3757 3820
3886 3823 3758 3821
3887 3824 3759 3822
3888 3825 3760 3823
3889 3826 3761 3824
3890 3827 3762 3825
3891 3828 3763 3826
3892 3829 3764 3827
3893 3830 3765 3828
3894 3831 3766 3829
3895 3832 3767 3830
3896 3833 3768 3831
3897 3834 3769 3832
3898 3835 3770 3833
3899 3836 3771 3834
3900 3837 3772 3835
3901 3838 3773 3836
3902 3839 3774 3837
3903 3840 3775 3838
3904 3776 3839
3905 3842 3777
3906 3843 3778 3841
3907 3844 3779 3842
3908 3845 3780 3843
3909 3846 3781 3844
3910 3847 3782 3845
3911 3848 3783 3846
3912 3849 3784 3847
3913 3850 3785 3848
3914 3851 3786 3849
3915 3852 3787 3850
3916 3853 3788 3851
3917 3854 3789 3852
3918 3855 3790 3853
3919 3856 3791 3854
3920 3857 3792 3855
3921 3858 3793 3856
3922 3859 3794 3857
3923 3860 3795 3858
3924 3861 3796 3859
3925 3862 3797 3860
3926 3863 3798 3861
3927 3864 3799 3862
3928 3865 3800 3863
3929 3866 3801 3864
3930 3867 3802 3865
3931 3868 3803 3866
3932 3869 3804 3867
3933 3870 3805 3868
3934 3871 3806 3869
3935 3872 3807 3870
3936 3873 3808 3871
3937 3874 3809 3872
3938 3875 3810 3873
3939 3876 3811 3874
3940 3877 3812 3875
3941 3878 3813 3876
3942 3879 3814 3877
3943 3880 3815 3878
3944 3881 3816 3879
3945 3882 3817 3880
3946 3883 3818 3881
3947 3884 3819 3882
3948 3885 3820 3883
3949 3886 3821 3884
3950 3887 3822 3885
3951 3888 3823 3886
3952 3889 3824 3887
3953 3890 3825 3888
3954 3891 3826 3889
3955 3892 3827 3890
3956 3893 3828 3891
3957 3894 3829 3892
3958 3895 3830 3893
3959 3896 3831 3894
3960 3897 3832 3895
3961 3898 3833 3896
3962 3899 3834 3897
3963 3900 3835 3898
3964 3901 3836 3899
3965 3902 3837 3900
3966 3903 3838 3901
3967 3904 3839 3902
3968 3840 3903
3969 3906 3841
3970 3907 3842 3905
3971 3908 3843 3906
3972 3909 3844 3907
3973 3910 3845 3908
3974 3911 3846 3909
3975 3912 3847 3910
3976 3913 3848 3911
3977 3914 3849 3912
3978 3915 3850 3913
3979 3916 3851 3914
3980 3917 3852 3915
3981 3918 3853 3916
3982 3919 3854 3917
3983 3920 3855 3918
3984 3921 3856 3919
3985 3922 3857 3920
3986 3923 3858 3921
3987 3924 3859 3922
3988 3925 3860 3923
3989 3926 3861 3924
3990 3927 3862 3925
3991 3928 3863 3926
3992 3929 3864 3927
3993 3930 3865 3928
3994 3931 3866 3929
3995 3932 3867 3930
3996 3933 3868 3931
3997 3934 3869 3932
3998 3935 3870 3933
3999 3936 3871 3934
4000 3937 3872 3935
4001 3938 3873 3936
4002 3939 3874 3937
4003 3940 3875 3938
4004 3941 3876 3939
4005 3942 3877 3940
4006 3943 3878 3941
4007 3944 3879 3942
4008 3945 3880 3943
4009 3946 3881 3944
4010 3947 3882 3945
4011 3948 3883 3946
4012 3949 3884 3947
4013 3950 3885 3948
4014 3951 3886 3949
4015 3952 3887 3950
4016 3953 3888 3951
4017 3954 3889 3952
4018 3955 3890 3953
4019 3956 3891 3954
4020 3957 3892 3955
4021 3958 3893 3956
4022 3959 3894 3957
4023 3960 3895 3958
4024 3961 3896 3959
4025 3962 3897 3960
4026 3963 3898 3961
4027 3964 3899 3962
4028 3965 3900 3963
4029 3966 3901 3964
4030 3967 3902 3965
4031 3968 3903 3966
4032 3904 3967
4033 3970 3905
4034 3971 3906 3969
4035 3972 3907 3970
4036 3973 3908 3971
4037 3974 3909 3972
4038 3975 3910 3973
4039 3976 3911 3974
4040 3977 3912 3975
4041 3978 3913 3976
4042 3979 3914 3977
4043 3980 3915 3978
4044 3981 3916 3979
4045 3982 3917 3980
4046 3983 3918 3981
4047 3984 3919 3982
4048 3985 3920 3983
4049 3986 3921 3984
4050 3987 3922 3985
4051 3988 3923 3986
4052 3989 3924 3987
4053 3990 3925 3988
4054 3991 3926 3989
4055 3992 3927 3990
4056 3993 3928 3991
4057 3994 3929 3992
4058 3995 3930 3993
4059 3996 3931 3994
4060 3997 3932 3995
4061 3998 3933 3996
4062 3999 3934 3997
4063 4000 3935 3998
4064 4001 3936 3999
4065 4002 3937 4000
4066 4003 3938 4001
4067 4004 3939 4002
4068 4005 3940 4003
4069 4006 3941 4004
4070 4007 3942 4005
4071 4008 3943 4006
4072 4009 3944 4007
4073 4010 3945 4008
4074 4011 3946 4009
4075 4012 3947 4010
4076 4013 3948 4011
4077 4014 3949 4012
4078 4015 3950 4013
4079 4016 3951 4014
4080 4017 3952 4015
4081 4018 3953 4016
4082 4019 3954 4017
4083 4020 3955 4018
4084 4021 3956 4019
4085 4022 3957 4020
4086 4023 3958 4021
4087 4024 3959 4022
4088 4025 3960 4023
4089 4026 3961 4024
4090 4027 3962 4025
4091 4028 3963 4026
4092 4029 3964 4027
4093 4030 3965 4028
4094 4031 3966 4029
4095 4032 3967 4030
4096 3968 4031
4034 3969
4035 3970 4033
4036 3971 4034
4037 3972 4035
4038 3973 4036
4039 3974 4037
4040 3975 4038
4041 3976 4039
4042 3977 4040
4043 3978 4041
4044 3979 4042
4045 3980 4043
4046 3981 4044
4047 3982 4045
4048 3983 4046
4049 3984 4047
4050 3985 4048
4051 3986 4049
4052 3987 4050
4053 3988 4051
4054 3989 4052
4055 3990 4053
4056 3991 4054
4057 3992 4055
4058 3993 4056
4059 3994 4057
4060 3995 4058
4061 3996 4059
4062 3997 4060
4063 3998 4061
4064 3999 4062
4065 4000 4063
4066 4001 4064
4067 4002 4065
4068 4003 4066
4069 4004 4067
4070 4005 4068
4071 4006 4069
4072 4007 4070
4073 4008 4071
4074 4009 4072
4075 4010 4073
4076 4011 4074
4077 4012 4075
4078 4013 4076
4079 4014 4077
4080 4015 4078
4081 4016 4079
4082 4017 4080
4083 4018 4081
4084 4019 4082
4085 4020 4083
4086 4021 4084
4087 4022 4085
4088 4023 4086
4089 4024 4087
4090 4025 4088
4091 4026 4089
4092 4027 4090
4093 4028 4091
4094 4029 4092
4095 4030 4093
4096 4031 4094
4032 4095
