1024 1984
2 33 
1 3 34 
2 4 35 
3 5 36 
4 6 37 
5 7 38 
6 8 39 
7 9 40 
8 10 41 
9 11 42 
10 12 43 
11 13 44 
12 14 45 
13 15 46 
14 16 47 
15 17 48 
16 18 49 
17 19 50 
18 20 51 
19 21 52 
20 22 53 
21 23 54 
22 24 55 
23 25 56 
24 26 57 
25 27 58 
26 28 59 
27 29 60 
28 30 61 
29 31 62 
30 32 63 
31 64 
1 34 65 
2 33 35 66 
3 34 36 67 
4 35 37 68 
5 36 38 69 
6 37 39 70 
7 38 40 71 
8 39 41 72 
9 40 42 73 
10 41 43 74 
11 42 44 75 
12 43 45 76 
13 44 46 77 
14 45 47 78 
15 46 48 79 
16 47 49 80 
17 48 50 81 
18 49 51 82 
19 50 52 83 
20 51 53 84 
21 52 54 85 
22 53 55 86 
23 54 56 87 
24 55 57 88 
25 56 58 89 
26 57 59 90 
27 58 60 91 
28 59 61 92 
29 60 62 93 
30 61 63 94 
31 62 64 95 
32 63 96 
33 66 97 
34 65 67 98 
35 66 68 99 
36 67 69 100 
37 68 70 101 
38 69 71 102 
39 70 72 103 
40 71 73 104 
41 72 74 105 
42 73 75 106 
43 74 76 107 
44 75 77 108 
45 76 78 109 
46 77 79 110 
47 78 80 111 
48 79 81 112 
49 80 82 113 
50 81 83 114 
51 82 84 115 
52 83 85 116 
53 84 86 117 
54 85 87 118 
55 86 88 119 
56 87 89 120 
57 88 90 121 
58 89 91 122 
59 90 92 123 
60 91 93 124 
61 92 94 125 
62 93 95 126 
63 94 96 127 
64 95 128 
65 98 129 
66 97 99 130 
67 98 100 131 
68 99 101 132 
69 100 102 133 
70 101 103 134 
71 102 104 135 
72 103 105 136 
73 104 106 137 
74 105 107 138 
75 106 108 139 
76 107 109 140 
77 108 110 141 
78 109 111 142 
79 110 112 143 
80 111 113 144 
81 112 114 145 
82 113 115 146 
83 114 116 147 
84 115 117 148 
85 116 118 149 
86 117 119 150 
87 118 120 151 
88 119 121 152 
89 120 122 153 
90 121 123 154 
91 122 124 155 
92 123 125 156 
93 124 126 157 
94 125 127 158 
95 126 128 159 
96 127 160 
97 130 161 
98 129 131 162 
99 130 132 163 
100 131 133 164 
101 132 134 165 
102 133 135 166 
103 134 136 167 
104 135 137 168 
105 136 138 169 
106 137 139 170 
107 138 140 171 
108 139 141 172 
109 140 142 173 
110 141 143 174 
111 142 144 175 
112 143 145 176 
113 144 146 177 
114 145 147 178 
115 146 148 179 
116 147 149 180 
117 148 150 181 
118 149 151 182 
119 150 152 183 
120 151 153 184 
121 152 154 185 
122 153 155 186 
123 154 156 187 
124 155 157 188 
125 156 158 189 
126 157 159 190 
127 158 160 191 
128 159 192 
129 162 193 
130 161 163 194 
131 162 164 195 
132 163 165 196 
133 164 166 197 
134 165 167 198 
135 166 168 199 
136 167 169 200 
137 168 170 201 
138 169 171 202 
139 170 172 203 
140 171 173 204 
141 172 174 205 
142 173 175 206 
143 174 176 207 
144 175 177 208 
145 176 178 209 
146 177 179 210 
147 178 180 211 
148 179 181 212 
149 180 182 213 
150 181 183 214 
151 182 184 215 
152 183 185 216 
153 184 186 217 
154 185 187 218 
155 186 188 219 
156 187 189 220 
157 188 190 221 
158 189 191 222 
159 190 192 223 
160 191 224 
161 194 225 
162 193 195 226 
163 194 196 227 
164 195 197 228 
165 196 198 229 
166 197 199 230 
167 198 200 231 
168 199 201 232 
169 200 202 233 
170 201 203 234 
171 202 204 235 
172 203 205 236 
173 204 206 237 
174 205 207 238 
175 206 208 239 
176 207 209 240 
177 208 210 241 
178 209 211 242 
179 210 212 243 
180 211 213 244 
181 212 214 245 
182 213 215 246 
183 214 216 247 
184 215 217 248 
185 216 218 249 
186 217 219 250 
187 218 220 251 
188 219 221 252 
189 220 222 253 
190 221 223 254 
191 222 224 255 
192 223 256 
193 226 257 
194 225 227 258 
195 226 228 259 
196 227 229 260 
197 228 230 261 
198 229 231 262 
199 230 232 263 
200 231 233 264 
201 232 234 265 
202 233 235 266 
203 234 236 267 
204 235 237 268 
205 236 238 269 
206 237 239 270 
207 238 240 271 
208 239 241 272 
209 240 242 273 
210 241 243 274 
211 242 244 275 
212 243 245 276 
213 244 246 277 
214 245 247 278 
215 246 248 279 
216 247 249 280 
217 248 250 281 
218 249 251 282 
219 250 252 283 
220 251 253 284 
221 252 254 285 
222 253 255 286 
223 254 256 287 
224 255 288 
225 258 289 
226 257 259 290 
227 258 260 291 
228 259 261 292 
229 260 262 293 
230 261 263 294 
231 262 264 295 
232 263 265 296 
233 264 266 297 
234 265 267 298 
235 266 268 299 
236 267 269 300 
237 268 270 301 
238 269 271 302 
239 270 272 303 
240 271 273 304 
241 272 274 305 
242 273 275 306 
243 274 276 307 
244 275 277 308 
245 276 278 309 
246 277 279 310 
247 278 280 311 
248 279 281 312 
249 280 282 313 
250 281 283 314 
251 282 284 315 
252 283 285 316 
253 284 286 317 
254 285 287 318 
255 286 288 319 
256 287 320 
257 290 321 
258 289 291 322 
259 290 292 323 
260 291 293 324 
261 292 294 325 
262 293 295 326 
263 294 296 327 
264 295 297 328 
265 296 298 329 
266 297 299 330 
267 298 300 331 
268 299 301 332 
269 300 302 333 
270 301 303 334 
271 302 304 335 
272 303 305 336 
273 304 306 337 
274 305 307 338 
275 306 308 339 
276 307 309 340 
277 308 310 341 
278 309 311 342 
279 310 312 343 
280 311 313 344 
281 312 314 345 
282 313 315 346 
283 314 316 347 
284 315 317 348 
285 316 318 349 
286 317 319 350 
287 318 320 351 
288 319 352 
289 322 353 
290 321 323 354 
291 322 324 355 
292 323 325 356 
293 324 326 357 
294 325 327 358 
295 326 328 359 
296 327 329 360 
297 328 330 361 
298 329 331 362 
299 330 332 363 
300 331 333 364 
301 332 334 365 
302 333 335 366 
303 334 336 367 
304 335 337 368 
305 336 338 369 
306 337 339 370 
307 338 340 371 
308 339 341 372 
309 340 342 373 
310 341 343 374 
311 342 344 375 
312 343 345 376 
313 344 346 377 
314 345 347 378 
315 346 348 379 
316 347 349 380 
317 348 350 381 
318 349 351 382 
319 350 352 383 
320 351 384 
321 354 385 
322 353 355 386 
323 354 356 387 
324 355 357 388 
325 356 358 389 
326 357 359 390 
327 358 360 391 
328 359 361 392 
329 360 362 393 
330 361 363 394 
331 362 364 395 
332 363 365 396 
333 364 366 397 
334 365 367 398 
335 366 368 399 
336 367 369 400 
337 368 370 401 
338 369 371 402 
339 370 372 403 
340 371 373 404 
341 372 374 405 
342 373 375 406 
343 374 376 407 
344 375 377 408 
345 376 378 409 
346 377 379 410 
347 378 380 411 
348 379 381 412 
349 380 382 413 
350 381 383 414 
351 382 384 415 
352 383 416 
353 386 417 
354 385 387 418 
355 386 388 419 
356 387 389 420 
357 388 390 421 
358 389 391 422 
359 390 392 423 
360 391 393 424 
361 392 394 425 
362 393 395 426 
363 394 396 427 
364 395 397 428 
365 396 398 429 
366 397 399 430 
367 398 400 431 
368 399 401 432 
369 400 402 433 
370 401 403 434 
371 402 404 435 
372 403 405 436 
373 404 406 437 
374 405 407 438 
375 406 408 439 
376 407 409 440 
377 408 410 441 
378 409 411 442 
379 410 412 443 
380 411 413 444 
381 412 414 445 
382 413 415 446 
383 414 416 447 
384 415 448 
385 418 449 
386 417 419 450 
387 418 420 451 
388 419 421 452 
389 420 422 453 
390 421 423 454 
391 422 424 455 
392 423 425 456 
393 424 426 457 
394 425 427 458 
395 426 428 459 
396 427 429 460 
397 428 430 461 
398 429 431 462 
399 430 432 463 
400 431 433 464 
401 432 434 465 
402 433 435 466 
403 434 436 467 
404 435 437 468 
405 436 438 469 
406 437 439 470 
407 438 440 471 
408 439 441 472 
409 440 442 473 
410 441 443 474 
411 442 444 475 
412 443 445 476 
413 444 446 477 
414 445 447 478 
415 446 448 479 
416 447 480 
417 450 481 
418 449 451 482 
419 450 452 483 
420 451 453 484 
421 452 454 485 
422 453 455 486 
423 454 456 487 
424 455 457 488 
425 456 458 489 
426 457 459 490 
427 458 460 491 
428 459 461 492 
429 460 462 493 
430 461 463 494 
431 462 464 495 
432 463 465 496 
433 464 466 497 
434 465 467 498 
435 466 468 499 
436 467 469 500 
437 468 470 501 
438 469 471 502 
439 470 472 503 
440 471 473 504 
441 472 474 505 
442 473 475 506 
443 474 476 507 
444 475 477 508 
445 476 478 509 
446 477 479 510 
447 478 480 511 
448 479 512 
449 482 513 
450 481 483 514 
451 482 484 515 
452 483 485 516 
453 484 486 517 
454 485 487 518 
455 486 488 519 
456 487 489 520 
457 488 490 521 
458 489 491 522 
459 490 492 523 
460 491 493 524 
461 492 494 525 
462 493 495 526 
463 494 496 527 
464 495 497 528 
465 496 498 529 
466 497 499 530 
467 498 500 531 
468 499 501 532 
469 500 502 533 
470 501 503 534 
471 502 504 535 
472 503 505 536 
473 504 506 537 
474 505 507 538 
475 506 508 539 
476 507 509 540 
477 508 510 541 
478 509 511 542 
479 510 512 543 
480 511 544 
481 514 545 
482 513 515 546 
483 514 516 547 
484 515 517 548 
485 516 518 549 
486 517 519 550 
487 518 520 551 
488 519 521 552 
489 520 522 553 
490 521 523 554 
491 522 524 555 
492 523 525 556 
493 524 526 557 
494 525 527 558 
495 526 528 559 
496 527 529 560 
497 528 530 561 
498 529 531 562 
499 530 532 563 
500 531 533 564 
501 532 534 565 
502 533 535 566 
503 534 536 567 
504 535 537 568 
505 536 538 569 
506 537 539 570 
507 538 540 571 
508 539 541 572 
509 540 542 573 
510 541 543 574 
511 542 544 575 
512 543 576 
513 546 577 
514 545 547 578 
515 546 548 579 
516 547 549 580 
517 548 550 581 
518 549 551 582 
519 550 552 583 
520 551 553 584 
521 552 554 585 
522 553 555 586 
523 554 556 587 
524 555 557 588 
525 556 558 589 
526 557 559 590 
527 558 560 591 
528 559 561 592 
529 560 562 593 
530 561 563 594 
531 562 564 595 
532 563 565 596 
533 564 566 597 
534 565 567 598 
535 566 568 599 
536 567 569 600 
537 568 570 601 
538 569 571 602 
539 570 572 603 
540 571 573 604 
541 572 574 605 
542 573 575 606 
543 574 576 607 
544 575 608 
545 578 609 
546 577 579 610 
547 578 580 611 
548 579 581 612 
549 580 582 613 
550 581 583 614 
551 582 584 615 
552 583 585 616 
553 584 586 617 
554 585 587 618 
555 586 588 619 
556 587 589 620 
557 588 590 621 
558 589 591 622 
559 590 592 623 
560 591 593 624 
561 592 594 625 
562 593 595 626 
563 594 596 627 
564 595 597 628 
565 596 598 629 
566 597 599 630 
567 598 600 631 
568 599 601 632 
569 600 602 633 
570 601 603 634 
571 602 604 635 
572 603 605 636 
573 604 606 637 
574 605 607 638 
575 606 608 639 
576 607 640 
577 610 641 
578 609 611 642 
579 610 612 643 
580 611 613 644 
581 612 614 645 
582 613 615 646 
583 614 616 647 
584 615 617 648 
585 616 618 649 
586 617 619 650 
587 618 620 651 
588 619 621 652 
589 620 622 653 
590 621 623 654 
591 622 624 655 
592 623 625 656 
593 624 626 657 
594 625 627 658 
595 626 628 659 
596 627 629 660 
597 628 630 661 
598 629 631 662 
599 630 632 663 
600 631 633 664 
601 632 634 665 
602 633 635 666 
603 634 636 667 
604 635 637 668 
605 636 638 669 
606 637 639 670 
607 638 640 671 
608 639 672 
609 642 673 
610 641 643 674 
611 642 644 675 
612 643 645 676 
613 644 646 677 
614 645 647 678 
615 646 648 679 
616 647 649 680 
617 648 650 681 
618 649 651 682 
619 650 652 683 
620 651 653 684 
621 652 654 685 
622 653 655 686 
623 654 656 687 
624 655 657 688 
625 656 658 689 
626 657 659 690 
627 658 660 691 
628 659 661 692 
629 660 662 693 
630 661 663 694 
631 662 664 695 
632 663 665 696 
633 664 666 697 
634 665 667 698 
635 666 668 699 
636 667 669 700 
637 668 670 701 
638 669 671 702 
639 670 672 703 
640 671 704 
641 674 705 
642 673 675 706 
643 674 676 707 
644 675 677 708 
645 676 678 709 
646 677 679 710 
647 678 680 711 
648 679 681 712 
649 680 682 713 
650 681 683 714 
651 682 684 715 
652 683 685 716 
653 684 686 717 
654 685 687 718 
655 686 688 719 
656 687 689 720 
657 688 690 721 
658 689 691 722 
659 690 692 723 
660 691 693 724 
661 692 694 725 
662 693 695 726 
663 694 696 727 
664 695 697 728 
665 696 698 729 
666 697 699 730 
667 698 700 731 
668 699 701 732 
669 700 702 733 
670 701 703 734 
671 702 704 735 
672 703 736 
673 706 737 
674 705 707 738 
675 706 708 739 
676 707 709 740 
677 708 710 741 
678 709 711 742 
679 710 712 743 
680 711 713 744 
681 712 714 745 
682 713 715 746 
683 714 716 747 
684 715 717 748 
685 716 718 749 
686 717 719 750 
687 718 720 751 
688 719 721 752 
689 720 722 753 
690 721 723 754 
691 722 724 755 
692 723 725 756 
693 724 726 757 
694 725 727 758 
695 726 728 759 
696 727 729 760 
697 728 730 761 
698 729 731 762 
699 730 732 763 
700 731 733 764 
701 732 734 765 
702 733 735 766 
703 734 736 767 
704 735 768 
705 738 769 
706 737 739 770 
707 738 740 771 
708 739 741 772 
709 740 742 773 
710 741 743 774 
711 742 744 775 
712 743 745 776 
713 744 746 777 
714 745 747 778 
715 746 748 779 
716 747 749 780 
717 748 750 781 
718 749 751 782 
719 750 752 783 
720 751 753 784 
721 752 754 785 
722 753 755 786 
723 754 756 787 
724 755 757 788 
725 756 758 789 
726 757 759 790 
727 758 760 791 
728 759 761 792 
729 760 762 793 
730 761 763 794 
731 762 764 795 
732 763 765 796 
733 764 766 797 
734 765 767 798 
735 766 768 799 
736 767 800 
737 770 801 
738 769 771 802 
739 770 772 803 
740 771 773 804 
741 772 774 805 
742 773 775 806 
743 774 776 807 
744 775 777 808 
745 776 778 809 
746 777 779 810 
747 778 780 811 
748 779 781 812 
749 780 782 813 
750 781 783 814 
751 782 784 815 
752 783 785 816 
753 784 786 817 
754 785 787 818 
755 786 788 819 
756 787 789 820 
757 788 790 821 
758 789 791 822 
759 790 792 823 
760 791 793 824 
761 792 794 825 
762 793 795 826 
763 794 796 827 
764 795 797 828 
765 796 798 829 
766 797 799 830 
767 798 800 831 
768 799 832 
769 802 833 
770 801 803 834 
771 802 804 835 
772 803 805 836 
773 804 806 837 
774 805 807 838 
775 806 808 839 
776 807 809 840 
777 808 810 841 
778 809 811 842 
779 810 812 843 
780 811 813 844 
781 812 814 845 
782 813 815 846 
783 814 816 847 
784 815 817 848 
785 816 818 849 
786 817 819 850 
787 818 820 851 
788 819 821 852 
789 820 822 853 
790 821 823 854 
791 822 824 855 
792 823 825 856 
793 824 826 857 
794 825 827 858 
795 826 828 859 
796 827 829 860 
797 828 830 861 
798 829 831 862 
799 830 832 863 
800 831 864 
801 834 865 
802 833 835 866 
803 834 836 867 
804 835 837 868 
805 836 838 869 
806 837 839 870 
807 838 840 871 
808 839 841 872 
809 840 842 873 
810 841 843 874 
811 842 844 875 
812 843 845 876 
813 844 846 877 
814 845 847 878 
815 846 848 879 
816 847 849 880 
817 848 850 881 
818 849 851 882 
819 850 852 883 
820 851 853 884 
821 852 854 885 
822 853 855 886 
823 854 856 887 
824 855 857 888 
825 856 858 889 
826 857 859 890 
827 858 860 891 
828 859 861 892 
829 860 862 893 
830 861 863 894 
831 862 864 895 
832 863 896 
833 866 897 
834 865 867 898 
835 866 868 899 
836 867 869 900 
837 868 870 901 
838 869 871 902 
839 870 872 903 
840 871 873 904 
841 872 874 905 
842 873 875 906 
843 874 876 907 
844 875 877 908 
845 876 878 909 
846 877 879 910 
847 878 880 911 
848 879 881 912 
849 880 882 913 
850 881 883 914 
851 882 884 915 
852 883 885 916 
853 884 886 917 
854 885 887 918 
855 886 888 919 
856 887 889 920 
857 888 890 921 
858 889 891 922 
859 890 892 923 
860 891 893 924 
861 892 894 925 
862 893 895 926 
863 894 896 927 
864 895 928 
865 898 929 
866 897 899 930 
867 898 900 931 
868 899 901 932 
869 900 902 933 
870 901 903 934 
871 902 904 935 
872 903 905 936 
873 904 906 937 
874 905 907 938 
875 906 908 939 
876 907 909 940 
877 908 910 941 
878 909 911 942 
879 910 912 943 
880 911 913 944 
881 912 914 945 
882 913 915 946 
883 914 916 947 
884 915 917 948 
885 916 918 949 
886 917 919 950 
887 918 920 951 
888 919 921 952 
889 920 922 953 
890 921 923 954 
891 922 924 955 
892 923 925 956 
893 924 926 957 
894 925 927 958 
895 926 928 959 
896 927 960 
897 930 961 
898 929 931 962 
899 930 932 963 
900 931 933 964 
901 932 934 965 
902 933 935 966 
903 934 936 967 
904 935 937 968 
905 936 938 969 
906 937 939 970 
907 938 940 971 
908 939 941 972 
909 940 942 973 
910 941 943 974 
911 942 944 975 
912 943 945 976 
913 944 946 977 
914 945 947 978 
915 946 948 979 
916 947 949 980 
917 948 950 981 
918 949 951 982 
919 950 952 983 
920 951 953 984 
921 952 954 985 
922 953 955 986 
923 954 956 987 
924 955 957 988 
925 956 958 989 
926 957 959 990 
927 958 960 991 
928 959 992 
929 962 993 
930 961 963 994 
931 962 964 995 
932 963 965 996 
933 964 966 997 
934 965 967 998 
935 966 968 999 
936 967 969 1000 
937 968 970 1001 
938 969 971 1002 
939 970 972 1003 
940 971 973 1004 
941 972 974 1005 
942 973 975 1006 
943 974 976 1007 
944 975 977 1008 
945 976 978 1009 
946 977 979 1010 
947 978 980 1011 
948 979 981 1012 
949 980 982 1013 
950 981 983 1014 
951 982 984 1015 
952 983 985 1016 
953 984 986 1017 
954 985 987 1018 
955 986 988 1019 
956 987 989 1020 
957 988 990 1021 
958 989 991 1022 
959 990 992 1023 
960 991 1024 
961 994 
962 993 995 
963 994 996 
964 995 997 
965 996 998 
966 997 999 
967 998 1000 
968 999 1001 
969 1000 1002 
970 1001 1003 
971 1002 1004 
972 1003 1005 
973 1004 1006 
974 1005 1007 
975 1006 1008 
976 1007 1009 
977 1008 1010 
978 1009 1011 
979 1010 1012 
980 1011 1013 
981 1012 1014 
982 1013 1015 
983 1014 1016 
984 1015 1017 
985 1016 1018 
986 1017 1019 
987 1018 1020 
988 1019 1021 
989 1020 1022 
990 1021 1023 
991 1022 1024 
992 1023 
