64 112
9 2
10 3 1
11 4 2
12 5 3
13 6 4
14 7 5
15 8 6
16 7
17 10 1
18 11 2 9
19 12 3 10
20 13 4 11
21 14 5 12
22 15 6 13
23 16 7 14
24 8 15
25 18 9
26 19 10 17
27 20 11 18
28 21 12 19
29 22 13 20
30 23 14 21
31 24 15 22
32 16 23
33 26 17
34 27 18 25
35 28 19 26
36 29 20 27
37 30 21 28
38 31 22 29
39 32 23 30
40 24 31
41 34 25
42 35 26 33
43 36 27 34
44 37 28 35
45 38 29 36
46 39 30 37
47 40 31 38
48 32 39
49 42 33
50 43 34 41
51 44 35 42
52 45 36 43
53 46 37 44
54 47 38 45
55 48 39 46
56 40 47
57 50 41
58 51 42 49
59 52 43 50
60 53 44 51
61 54 45 52
62 55 46 53
63 56 47 54
64 48 55
58 49
59 50 57
60 51 58
61 52 59
62 53 60
63 54 61
64 55 62
56 63
